Greyscale Image
61, 85, 2
69, 8, 21
39, 55, 125
46, 37, 92
38, 91, 174
46, 82, 30
36, 57, 113
6, 65, 23
43, 36, 92
62, 28, 215
26, 3, 38
40, 73, 121
35, 55, 110
29, 13, 188
12, 5, 12
28, 20, 234
34, 96, 110
74, 64, 57
34, 43, 72
13, 4, 10
31, 68, 85
44, 34, 116
64, 13, 21
70, 61, 57
9, 19, 39
29, 68, 87
58, 43, 132
9, 79, 159
35, 85, 86
17, 29, 84
42, 75, 12
30, 16, 229
55, 64, 101
23, 56, 24
60, 75, 61
16, 25, 175
23, 29, 44
18, 85, 99
38, 17, 208
33, 13, 206
14, 71, 113
7, 15, 0
69, 13, 60
75, 42, 59
6, 51, 182
56, 47, 122
26, 89, 22
72, 24, 133
64, 1, 50
3, 29, 1
35, 24, 187
47, 37, 77
51, 96, 11
31, 7, 202
63, 5, 4
32, 59, 100
5, 19, 40
53, 24, 169
9, 13, 3
74, 31, 146
35, 84, 88
43, 5, 33
60, 38, 144
20, 94, 61
33, 57, 110
16, 4, 0
71, 78, 74
45, 70, 136
46, 72, 124
27, 78, 148
1, 88, 80
53, 63, 105
54, 5, 4
56, 11, 55
5, 63, 120
65, 28, 130
56, 60, 97
12, 83, 196
68, 43, 72
47, 86, 71
32, 62, 112
4, 43, 43
32, 29, 169
71, 14, 71
31, 72, 161
15, 17, 221
37, 31, 116
38, 6, 11
34, 19, 204
69, 47, 89
36, 85, 127
10, 21, 31
4, 24, 3
58, 9, 1
67, 71, 103
45, 54, 97
27, 56, 3
33, 21, 197
37, 83, 95
17, 49, 92
48, 58, 104
4, 84, 18
34, 56, 112
43, 100, 141
21, 33, 151
16, 35, 149
9, 40, 84
11, 71, 122
35, 47, 97
9, 76, 99
70, 50, 123
21, 17, 216
44, 33, 115
38, 41, 64
31, 85, 82
74, 12, 42
47, 73, 116
32, 96, 107
41, 74, 132
64, 72, 146
66, 92, 14
70, 86, 31
26, 13, 176
65, 75, 119
71, 70, 11
70, 99, 0
17, 94, 62
40, 85, 118
8, 14, 1
2, 67, 130
36, 89, 109
3, 70, 116
29, 32, 157
62, 67, 61
49, 78, 20
23, 10, 212
75, 83, 0
65, 59, 33
48, 59, 95
55, 24, 166
54, 40, 131
61, 95, 15
12, 7, 7
1, 2, 11
28, 21, 251
75, 29, 32
53, 66, 72
20, 41, 101
33, 55, 106
67, 33, 114
21, 39, 65
73, 58, 41
13, 27, 28
5, 58, 137
10, 75, 75
18, 99, 82
16, 9, 86
63, 62, 90
72, 90, 1
28, 52, 58
13, 42, 150
14, 73, 133
2, 72, 68
31, 60, 108
4, 96, 135
53, 69, 69
1, 6, 2
64, 17, 33
30, 24, 228
43, 19, 202
1, 87, 39
40, 97, 133
2, 84, 80
14, 65, 73
21, 74, 88
16, 31, 167
64, 24, 200
45, 44, 89
32, 53, 93
71, 4, 62
46, 14, 216
34, 68, 113
52, 59, 90
2, 51, 155
71, 32, 189
50, 14, 202
5, 30, 1
54, 78, 33
63, 23, 229
75, 87, 27
70, 11, 26
16, 6, 0
5, 74, 99
47, 18, 203
58, 4, 84
47, 23, 173
20, 79, 197
9, 65, 127
5, 7, 8
59, 93, 50
30, 48, 40
68, 17, 116
14, 52, 128
4, 89, 208
72, 55, 147
35, 49, 103
66, 71, 150
56, 41, 139
49, 52, 102
63, 21, 195
19, 50, 86
61, 67, 44
17, 92, 62
46, 56, 113
30, 53, 61
10, 90, 144
41, 24, 183
34, 57, 112
7, 93, 146
55, 36, 95
20, 73, 113
56, 20, 156
11, 36, 116
17, 1, 12
74, 60, 88
8, 75, 72
32, 91, 84
44, 42, 86
6, 64, 43
74, 45, 76
60, 64, 4
60, 35, 139
34, 59, 118
24, 90, 50
40, 53, 118
42, 80, 36
68, 49, 143
37, 9, 240
63, 77, 22
69, 28, 195
33, 44, 50
8, 49, 122
11, 19, 11
66, 83, 123
57, 60, 101
2, 81, 50
73, 94, 19
37, 62, 101
13, 83, 209
23, 95, 46
14, 78, 90
40, 99, 138
34, 13, 208
32, 34, 119
49, 20, 143
25, 96, 69
71, 10, 16
60, 20, 246
27, 29, 102
65, 23, 200
3, 95, 131
33, 8, 244
8, 44, 133
71, 76, 139
31, 91, 95
49, 68, 73
22, 42, 85
64, 31, 165
30, 95, 135
34, 50, 92
70, 30, 207
13, 33, 218
1, 36, 150
58, 38, 142
50, 86, 17
5, 21, 27
28, 35, 41
30, 31, 157
18, 60, 125
43, 49, 104
28, 92, 139
48, 67, 35
33, 42, 52
12, 78, 52
42, 65, 97
30, 75, 149
1, 61, 121
34, 18, 209
10, 33, 16
52, 71, 137
31, 97, 114
22, 71, 91
1, 74, 80
64, 11, 13
4, 25, 1
45, 22, 147
51, 79, 10
73, 41, 147
37, 69, 105
28, 40, 73
2, 7, 10
35, 93, 64
42, 44, 91
2, 64, 44
42, 21, 180
36, 97, 110
31, 83, 84
70, 56, 125
33, 72, 185
60, 84, 12
6, 69, 212
62, 85, 3
9, 67, 118
53, 96, 28
52, 56, 99
10, 63, 134
54, 79, 34
67, 66, 73
22, 27, 105
36, 15, 217
72, 16, 146
6, 81, 9
62, 21, 196
21, 82, 149
31, 80, 98
3, 49, 109
61, 96, 9
41, 19, 178
44, 40, 78
57, 50, 121
49, 82, 40
16, 21, 224
30, 67, 81
37, 45, 71
41, 53, 122
73, 8, 17
40, 50, 107
4, 51, 118
61, 50, 128
26, 60, 0
6, 52, 156
25, 12, 173
44, 24, 159
46, 27, 190
43, 11, 223
75, 94, 6
50, 33, 153
56, 89, 0
55, 2, 11
31, 14, 168
29, 57, 60
11, 59, 152
58, 24, 223
47, 60, 105
70, 20, 41
61, 68, 35
61, 38, 141
4, 41, 140
43, 78, 32
44, 30, 126
45, 10, 233
42, 86, 140
51, 89, 27
64, 15, 43
72, 13, 42
62, 33, 158
22, 35, 107
2, 23, 0
25, 40, 76
47, 80, 1
41, 46, 93
38, 99, 134
66, 11, 7
63, 74, 143
57, 78, 49
59, 16, 236
43, 35, 141
48, 31, 66
51, 31, 140
60, 42, 138
6, 11, 0
62, 88, 8
70, 72, 59
74, 90, 0
32, 64, 108
6, 55, 132
30, 70, 65
7, 73, 12
41, 16, 174
60, 27, 233
8, 97, 18
33, 25, 206
64, 33, 153
23, 2, 27
26, 77, 141
35, 22, 198
30, 41, 61
21, 20, 187
41, 21, 164
2, 25, 5
58, 15, 242
29, 75, 155
12, 40, 166
59, 58, 111
66, 18, 21
17, 28, 77
36, 86, 140
44, 86, 120
23, 96, 48
68, 23, 209
58, 17, 209
57, 88, 0
51, 84, 25
57, 62, 92
21, 32, 71
38, 45, 81
8, 17, 1
36, 49, 107
45, 30, 124
66, 38, 131
49, 26, 161
32, 63, 113
18, 16, 86
8, 92, 142
3, 41, 124
17, 88, 63
30, 20, 240
13, 49, 95
59, 79, 94
39, 47, 100
3, 94, 156
63, 95, 0
67, 83, 133
71, 27, 191
60, 98, 97
61, 40, 141
12, 96, 56
16, 86, 126
69, 2, 111
40, 76, 119
49, 67, 50
52, 88, 23
73, 92, 11
26, 57, 1
70, 35, 147
54, 45, 129
26, 70, 70
56, 51, 101
18, 26, 104
71, 6, 29
14, 70, 124
53, 62, 93
39, 30, 153
24, 42, 60
50, 98, 102
75, 67, 18
61, 17, 29
23, 64, 62
3, 67, 179
27, 84, 49
54, 83, 50
63, 67, 90
73, 56, 108
52, 80, 22
12, 85, 155
35, 79, 84
16, 32, 166
43, 56, 116
44, 76, 38
34, 85, 32
55, 88, 0
13, 85, 143
69, 72, 57
16, 5, 0
31, 24, 216
27, 70, 95
18, 67, 112
59, 88, 0
29, 16, 219
36, 96, 115
11, 62, 136
34, 55, 111
34, 40, 72
58, 71, 111
35, 54, 108
10, 98, 72
46, 39, 82
17, 82, 141
33, 52, 97
74, 33, 153
10, 31, 21
63, 66, 89
56, 97, 21
65, 76, 47
26, 33, 83
26, 37, 69
11, 40, 153
33, 33, 146
63, 54, 114
56, 99, 103
46, 46, 92
8, 47, 142
48, 49, 98
62, 5, 10
21, 14, 147
12, 71, 132
75, 17, 25
60, 8, 14
3, 23, 1
52, 86, 49
74, 53, 66
66, 57, 40
15, 63, 91
5, 65, 216
39, 56, 125
24, 56, 14
68, 16, 126
44, 4, 57
65, 58, 33
52, 30, 182
11, 89, 146
42, 48, 109
2, 56, 86
48, 47, 91
42, 72, 170
25, 62, 13
61, 52, 115
6, 84, 50
16, 24, 201
1, 27, 1
30, 44, 44
47, 7, 23
9, 63, 127
63, 44, 145
62, 14, 26
56, 56, 82
17, 63, 117
45, 41, 83
8, 8, 2
50, 58, 101
47, 94, 148
11, 8, 1
24, 51, 52
41, 71, 149
62, 34, 150
70, 26, 215
15, 98, 104
44, 99, 109
23, 16, 205
49, 50, 100
69, 39, 68
71, 15, 70
28, 36, 43
14, 11, 141
54, 85, 46
22, 6, 12
24, 3, 35
75, 95, 0
14, 44, 131
65, 92, 14
38, 4, 3
31, 95, 111
28, 12, 181
59, 99, 59
45, 59, 105
75, 68, 48
44, 20, 189
67, 3, 6
42, 24, 198
57, 68, 43
13, 77, 85
40, 58, 130
53, 8, 12
55, 29, 201
56, 17, 192
42, 95, 126
59, 33, 138
68, 26, 226
45, 28, 171
61, 18, 44
35, 98, 79
66, 36, 159
10, 97, 67
44, 51, 114
36, 41, 60
7, 40, 196
60, 15, 40
5, 14, 1
37, 76, 44
24, 34, 62
61, 41, 145
27, 33, 85
17, 18, 119
55, 96, 39
63, 93, 0
14, 47, 127
58, 13, 19
33, 4, 10
58, 49, 135
48, 88, 114
20, 29, 56
52, 12, 209
66, 27, 135
19, 75, 90
72, 64, 154
61, 72, 127
72, 83, 35
71, 7, 15
18, 82, 137
2, 60, 118
67, 16, 119
15, 44, 102
19, 17, 69
59, 50, 117
50, 78, 8
6, 35, 1
19, 77, 134
47, 74, 27
28, 88, 116
36, 66, 103
57, 82, 20
55, 68, 16
57, 46, 112
41, 66, 60
24, 36, 106
38, 48, 101
64, 71, 172
61, 44, 141
60, 67, 21
24, 54, 18
35, 16, 198
52, 44, 107
54, 46, 124
37, 28, 142
17, 23, 202
40, 29, 154
21, 62, 120
62, 22, 242
18, 81, 145
11, 56, 90
9, 17, 11
61, 60, 33
23, 87, 14
32, 16, 198
15, 39, 99
56, 22, 178
16, 75, 122
68, 48, 134
72, 32, 159
70, 12, 31
34, 33, 133
16, 99, 125
61, 21, 216
39, 26, 148
17, 55, 149
68, 77, 54
7, 58, 122
57, 5, 76
26, 52, 41
70, 76, 146
63, 46, 134
65, 57, 46
67, 95, 11
13, 54, 132
20, 74, 99
52, 100, 77
58, 34, 132
11, 7, 2
27, 22, 233
32, 35, 90
51, 62, 93
18, 32, 97
38, 65, 35
70, 33, 165
35, 21, 196
6, 91, 152
32, 93, 105
24, 68, 52
71, 93, 8
37, 70, 20
70, 57, 120
53, 78, 22
33, 11, 239
29, 64, 101
13, 18, 122
8, 64, 123
15, 60, 89
55, 30, 192
12, 47, 81
45, 36, 83
17, 33, 162
24, 67, 47
23, 20, 233
44, 100, 102
54, 14, 234
41, 9, 231
43, 77, 32
9, 96, 103
46, 2, 17
15, 11, 138
10, 100, 59
56, 43, 138
48, 95, 101
18, 44, 101
74, 50, 83
65, 8, 2
67, 56, 60
4, 63, 51
72, 80, 113
42, 10, 243
9, 53, 138
22, 96, 56
43, 91, 102
42, 4, 14
59, 69, 15
2, 43, 111
20, 64, 133
10, 32, 27
64, 43, 95
25, 35, 65
18, 9, 204
59, 65, 25
18, 93, 63
70, 84, 15
51, 29, 152
22, 76, 187
7, 2, 0
75, 54, 77
61, 56, 62
64, 83, 1
21, 5, 16
38, 88, 157
51, 56, 98
14, 79, 68
14, 4, 7
31, 26, 221
3, 87, 9
41, 75, 145
31, 1, 11
71, 58, 123
6, 3, 5
6, 9, 7
37, 58, 113
28, 98, 134
64, 28, 134
58, 26, 173
21, 49, 102
40, 65, 51
65, 66, 58
1, 53, 85
6, 34, 25
73, 28, 64
12, 73, 121
39, 28, 161
66, 87, 1
52, 31, 181
47, 64, 112
62, 56, 103
73, 70, 13
28, 33, 105
39, 10, 239
68, 38, 124
37, 36, 73
34, 52, 104
63, 97, 105
43, 46, 93
62, 57, 95
56, 64, 102
7, 52, 125
41, 58, 131
13, 50, 148
73, 50, 117
15, 45, 119
38, 40, 62
39, 50, 111
38, 84, 115
13, 79, 46
34, 86, 47
32, 79, 56
51, 78, 2
34, 44, 68
23, 90, 57
25, 77, 150
40, 43, 87
63, 32, 191
10, 71, 130
58, 97, 105
12, 72, 123
52, 16, 211
9, 49, 89
73, 57, 95
56, 100, 45
25, 11, 196
11, 45, 112
50, 21, 154
12, 82, 192
47, 11, 224
64, 99, 30
50, 81, 17
67, 53, 103
69, 4, 47
31, 82, 88
34, 23, 193
5, 22, 27
17, 22, 216
23, 3, 48
68, 44, 73
8, 5, 4
17, 56, 126
18, 62, 118
32, 27, 201
19, 69, 85
9, 1, 7
48, 69, 81
52, 38, 111
7, 83, 61
44, 13, 220
75, 40, 113
56, 87, 1
25, 32, 36
20, 66, 131
54, 64, 109
32, 20, 205
38, 31, 137
51, 12, 211
7, 64, 152
71, 67, 40
38, 97, 153
75, 89, 27
32, 19, 202
19, 85, 99
1, 76, 165
61, 20, 249
72, 27, 165
59, 100, 54
28, 9, 211
22, 13, 167
51, 100, 90
10, 29, 59
27, 44, 53
13, 72, 149
41, 72, 141
48, 4, 3
42, 60, 115
72, 25, 83
61, 62, 17
10, 93, 115
6, 42, 93
66, 15, 138
4, 67, 218
41, 62, 85
29, 84, 68
40, 33, 93
58, 91, 34
63, 79, 110
55, 8, 61
5, 75, 172
71, 73, 103
10, 34, 167
1, 42, 138
19, 99, 78
37, 37, 76
39, 27, 150
74, 85, 3
52, 21, 188
44, 67, 54
24, 20, 227
15, 79, 58
24, 28, 47
30, 77, 155
58, 39, 132
5, 87, 62
47, 62, 104
40, 70, 193
8, 38, 152
14, 38, 88
1, 4, 0
69, 3, 79
20, 85, 93
70, 23, 73
64, 100, 9
28, 32, 59
36, 74, 143
25, 58, 9
17, 11, 153
19, 3, 20
72, 37, 142
21, 24, 66
19, 36, 66
54, 76, 24
4, 90, 203
44, 11, 239
30, 79, 70
45, 68, 30
59, 2, 45
75, 12, 46
40, 1, 12
71, 82, 69
19, 44, 82
31, 70, 79
52, 95, 4
68, 98, 24
40, 10, 243
67, 96, 3
15, 3, 0
67, 18, 24
15, 4, 0
58, 87, 1
22, 31, 36
56, 76, 32
72, 74, 164
67, 7, 2
18, 65, 130
23, 57, 23
38, 75, 87
49, 48, 91
10, 22, 10
62, 51, 129
26, 4, 18
42, 12, 200
57, 86, 1
47, 81, 11
65, 37, 147
34, 47, 92
67, 9, 32
48, 82, 34
49, 33, 134
2, 48, 142
4, 23, 1
22, 46, 59
12, 60, 134
16, 47, 152
68, 35, 137
14, 66, 110
65, 22, 65
2, 99, 144
31, 43, 32
44, 88, 76
75, 62, 102
37, 73, 142
10, 23, 14
17, 74, 60
74, 2, 121
22, 56, 33
51, 86, 25
65, 88, 44
49, 23, 138
73, 25, 96
36, 12, 222
5, 20, 36
20, 75, 89
36, 56, 107
23, 82, 66
30, 71, 49
32, 45, 22
8, 65, 112
67, 29, 127
64, 49, 90
1, 28, 1
29, 80, 114
54, 94, 53
11, 31, 56
28, 42, 75
10, 55, 97
15, 12, 121
52, 91, 91
46, 51, 113
12, 32, 115
55, 16, 180
30, 59, 78
43, 31, 132
10, 70, 131
69, 98, 8
6, 13, 1
75, 78, 135
64, 6, 0
30, 88, 107
55, 3, 0
24, 31, 32
18, 25, 43
47, 3, 5
45, 4, 39
19, 41, 86
5, 56, 139
7, 22, 13
10, 5, 1
6, 30, 1
18, 20, 58
59, 34, 137
54, 98, 114
38, 22, 217
43, 72, 139
75, 5, 52
23, 36, 81
51, 42, 127
19, 86, 91
49, 49, 97
21, 7, 138
9, 100, 76
36, 10, 229
10, 12, 1
36, 94, 115
55, 85, 37
59, 80, 58
9, 89, 134
68, 94, 0
9, 61, 150
73, 61, 106
27, 40, 77
6, 36, 2
25, 46, 76
22, 81, 149
31, 30, 139
2, 29, 0
68, 31, 201
50, 74, 57
6, 82, 13
34, 17, 194
43, 57, 109
57, 96, 72
43, 37, 71
29, 79, 101
75, 91, 3
70, 1, 46
45, 93, 103
63, 70, 73
29, 9, 203
58, 53, 109
67, 79, 111
17, 5, 6
43, 16, 188
57, 36, 117
69, 84, 11
12, 45, 83
33, 34, 157
1, 69, 83
53, 93, 94
11, 67, 121
5, 57, 123
43, 38, 72
17, 12, 125
27, 92, 127
21, 99, 72
47, 89, 106
71, 75, 132
63, 100, 5
60, 28, 217
10, 91, 135
29, 93, 136
50, 23, 139
45, 1, 73
73, 19, 73
15, 92, 78
38, 34, 125
39, 90, 157
32, 6, 14
30, 50, 47
2, 4, 1
68, 65, 37
42, 73, 99
27, 50, 75
31, 89, 84
13, 92, 78
55, 49, 114
54, 67, 29
12, 15, 5
66, 14, 130
11, 47, 108
37, 68, 121
54, 61, 87
29, 19, 238
61, 74, 112
3, 73, 78
20, 59, 122
11, 37, 143
50, 54, 106
45, 71, 127
23, 53, 24
72, 63, 144
34, 82, 39
13, 63, 122
3, 46, 155
46, 96, 136
18, 46, 88
17, 50, 107
43, 44, 90
19, 59, 148
44, 80, 71
69, 62, 14
35, 26, 172
23, 35, 147
44, 68, 8
45, 6, 14
63, 12, 7
16, 71, 82
40, 12, 225
74, 55, 112
18, 53, 92
73, 98, 14
63, 99, 53
19, 24, 16
7, 13, 1
12, 97, 38
70, 92, 4
1, 79, 133
6, 80, 82
37, 25, 181
66, 93, 31
52, 54, 96
3, 4, 8
72, 71, 10
7, 19, 26
71, 49, 88
42, 79, 64
50, 30, 102
62, 71, 133
45, 69, 40
13, 95, 76
23, 48, 64
11, 74, 97
34, 35, 123
20, 98, 83
14, 96, 71
18, 58, 136
54, 39, 135
51, 28, 140
58, 63, 83
55, 6, 35
34, 61, 119
26, 68, 53
4, 65, 201
68, 84, 63
37, 41, 81
49, 42, 123
67, 84, 137
2, 65, 164
71, 62, 122
37, 82, 89
54, 92, 114
5, 2, 0
64, 70, 79
74, 94, 1
60, 56, 112
50, 94, 90
30, 81, 80
70, 66, 22
72, 53, 110
55, 37, 121
51, 32, 125
18, 52, 88
24, 99, 14
17, 86, 84
33, 85, 37
26, 47, 66
20, 97, 80
49, 13, 223
31, 2, 33
18, 12, 141
39, 99, 135
51, 47, 103
10, 88, 137
1, 94, 198
52, 15, 246
57, 35, 115
35, 11, 228
7, 49, 152
52, 6, 59
54, 55, 92
47, 91, 120
48, 80, 15
55, 4, 0
44, 54, 113
3, 82, 16
23, 19, 221
42, 82, 80
29, 8, 234
73, 82, 103
56, 96, 37
58, 95, 69
9, 97, 88
21, 30, 21
40, 88, 123
12, 14, 14
66, 4, 6
26, 72, 18
75, 69, 47
70, 42, 67
60, 33, 144
22, 58, 55
61, 55, 82
31, 19, 221
62, 2, 37
46, 4, 12
47, 19, 222
28, 58, 51
57, 77, 27
29, 76, 145
21, 2, 37
4, 20, 36
67, 8, 27
8, 52, 106
26, 67, 27
19, 58, 148
65, 86, 9
35, 57, 112
10, 95, 104
12, 11, 7
52, 37, 92
20, 56, 91
72, 48, 100
2, 22, 6
35, 15, 215
34, 53, 110
7, 94, 133
46, 89, 75
8, 89, 147
43, 63, 101
49, 43, 113
29, 100, 146
48, 66, 85
10, 35, 226
39, 48, 110
32, 4, 24
22, 75, 99
32, 72, 153
22, 11, 181
26, 91, 56
58, 94, 63
12, 94, 120
36, 9, 245
39, 9, 244
44, 73, 133
46, 62, 99
28, 94, 145
4, 99, 0
12, 81, 92
74, 99, 33
48, 44, 98
22, 30, 35
34, 27, 181
71, 72, 38
64, 5, 4
27, 85, 66
35, 56, 115
23, 1, 4
10, 19, 29
49, 17, 181
4, 7, 12
50, 92, 157
27, 16, 227
15, 55, 131
32, 43, 36
2, 54, 1
15, 43, 123
64, 77, 61
37, 72, 144
37, 57, 114
2, 95, 149
54, 60, 83
63, 87, 16
51, 75, 118
38, 92, 166
13, 84, 172
43, 96, 128
18, 73, 82
41, 94, 103
71, 96, 0
43, 93, 122
49, 51, 103
18, 2, 15
53, 61, 87
62, 87, 1
38, 95, 140
45, 96, 83
45, 78, 62
7, 47, 178
35, 70, 73
68, 61, 27
37, 91, 151
57, 48, 133
12, 68, 167
25, 41, 80
25, 50, 78
10, 26, 0
37, 55, 114
36, 19, 178
52, 9, 175
72, 45, 131
21, 41, 89
73, 99, 43
14, 67, 149
26, 14, 219
6, 28, 0
18, 17, 69
56, 10, 39
19, 13, 141
8, 91, 139
58, 12, 16
14, 69, 141
56, 66, 50
69, 60, 26
7, 45, 134
31, 66, 91
48, 11, 237
47, 49, 100
8, 88, 206
32, 12, 199
33, 3, 21
12, 26, 1
26, 95, 79
60, 91, 12
62, 62, 88
39, 67, 156
2, 90, 68
73, 6, 20
63, 25, 187
15, 25, 202
13, 5, 7
60, 100, 68
54, 87, 2
3, 13, 0
22, 26, 209
64, 91, 0
74, 96, 0
61, 66, 17
6, 29, 0
40, 28, 151
45, 58, 96
43, 66, 87
35, 63, 104
35, 83, 88
30, 6, 15
43, 58, 89
71, 56, 131
11, 100, 103
73, 12, 70
61, 43, 142
66, 13, 101
2, 86, 72
59, 97, 87
3, 12, 0
41, 70, 105
9, 18, 14
21, 87, 77
27, 76, 147
53, 4, 3
63, 53, 103
5, 92, 150
20, 65, 130
17, 99, 104
17, 51, 126
48, 93, 147
15, 27, 185
23, 58, 26
64, 22, 198
46, 81, 67
30, 11, 214
70, 60, 45
51, 54, 101
38, 66, 147
54, 54, 99
3, 11, 0
22, 85, 20
7, 8, 1
54, 41, 127
49, 77, 11
10, 10, 0
30, 72, 113
8, 66, 99
8, 58, 94
43, 9, 246
5, 61, 122
3, 84, 38
37, 56, 115
51, 25, 181
4, 45, 122
38, 10, 240
23, 6, 10
31, 52, 74
28, 76, 149
38, 90, 158
2, 30, 6
55, 100, 78
14, 63, 91
58, 32, 153
21, 26, 57
65, 21, 105
58, 56, 98
63, 27, 157
39, 83, 107
55, 1, 17
73, 81, 115
66, 52, 125
13, 59, 180
27, 7, 244
17, 64, 132
58, 78, 65
28, 91, 138
15, 49, 128
30, 82, 82
34, 72, 200
44, 7, 121
13, 48, 77
32, 56, 103
2, 9, 0
75, 79, 152
57, 25, 199
67, 78, 93
22, 40, 75
3, 15, 0
36, 87, 104
46, 5, 16
62, 1, 28
27, 97, 179
56, 92, 77
73, 95, 0
25, 38, 53
66, 10, 1
2, 2, 0
66, 94, 29
58, 58, 111
20, 52, 37
24, 71, 58
32, 58, 106
26, 29, 36
22, 84, 23
50, 29, 131
15, 32, 176
72, 23, 91
1, 59, 160
30, 61, 90
42, 61, 96
19, 60, 146
60, 86, 1
70, 89, 14
22, 39, 40
24, 15, 196
54, 28, 123
73, 87, 14
74, 57, 141
73, 60, 92
55, 91, 30
27, 60, 56
14, 25, 196
5, 51, 191
1, 24, 0
65, 33, 150
7, 81, 10
5, 100, 3
26, 55, 20
1, 90, 37
64, 94, 24
13, 38, 145
74, 26, 51
58, 21, 199
60, 72, 129
25, 31, 34
14, 17, 247
60, 39, 141
23, 47, 67
58, 47, 109
12, 44, 85
3, 60, 60
8, 43, 110
5, 81, 10
39, 53, 118
75, 46, 71
72, 35, 156
41, 50, 109
14, 82, 195
47, 57, 107
17, 58, 116
64, 55, 95
29, 66, 99
11, 99, 123
46, 61, 99
58, 44, 137
31, 3, 33
37, 43, 90
61, 90, 20
37, 8, 238
49, 46, 93
75, 66, 20
57, 80, 65
56, 62, 105
19, 31, 106
9, 80, 141
7, 95, 87
14, 89, 93
58, 99, 31
47, 63, 114
36, 92, 107
14, 58, 161
39, 61, 121
65, 91, 2
59, 48, 117
23, 11, 182
29, 18, 203
12, 29, 0
38, 82, 94
6, 88, 199
71, 77, 142
67, 34, 113
9, 35, 60
29, 59, 71
9, 22, 6
6, 75, 132
74, 21, 150
26, 97, 84
66, 76, 66
52, 45, 102
48, 41, 119
53, 81, 26
7, 88, 218
2, 24, 0
63, 50, 82
2, 6, 13
16, 52, 124
40, 63, 84
49, 74, 43
10, 54, 137
65, 83, 35
30, 38, 64
61, 91, 7
74, 80, 53
48, 28, 109
60, 19, 113
23, 23, 242
62, 38, 145
14, 2, 12
69, 80, 111
36, 79, 80
5, 46, 1
4, 68, 208
41, 36, 77
17, 4, 9
56, 94, 65
18, 33, 154
48, 19, 222
44, 47, 95
57, 56, 89
47, 95, 165
52, 79, 15
45, 11, 241
15, 71, 145
58, 85, 1
71, 97, 0
15, 28, 173
54, 50, 106
55, 40, 136
30, 83, 91
14, 37, 139
40, 31, 121
29, 17, 229
57, 67, 59
57, 27, 126
43, 76, 18
75, 45, 70
27, 11, 198
40, 86, 119
3, 98, 142
35, 19, 199
30, 63, 90
67, 82, 124
26, 50, 66
9, 48, 61
55, 54, 98
62, 48, 121
2, 100, 109
21, 56, 87
7, 82, 16
51, 64, 109
10, 38, 189
19, 4, 11
43, 68, 20
26, 9, 225
43, 55, 129
32, 61, 110
66, 3, 4
58, 98, 68
57, 40, 136
60, 53, 94
55, 28, 177
31, 74, 144
41, 27, 157
2, 73, 106
50, 3, 10
64, 60, 81
46, 41, 92
46, 44, 92
14, 92, 107
4, 27, 0
43, 26, 161
22, 38, 32
20, 20, 136
71, 16, 118
70, 74, 151
22, 41, 67
17, 52, 148
19, 11, 149
37, 52, 115
14, 12, 134
54, 9, 18
74, 61, 141
64, 56, 107
22, 72, 69
59, 70, 148
27, 41, 71
65, 53, 89
5, 26, 0
12, 36, 168
28, 85, 85
30, 57, 89
19, 98, 84
17, 36, 134
5, 60, 123
41, 60, 130
23, 21, 211
36, 58, 114
56, 34, 136
34, 65, 101
34, 32, 150
2, 85, 130
8, 33, 0
38, 71, 125
27, 55, 18
12, 64, 126
72, 11, 18
48, 15, 197
54, 69, 42
25, 1, 44
74, 10, 37
26, 83, 52
68, 18, 77
27, 21, 243
36, 3, 1
44, 61, 95
27, 80, 24
30, 39, 74
35, 5, 15
40, 5, 11
4, 92, 197
39, 65, 37
48, 71, 93
29, 43, 60
30, 43, 52
15, 30, 106
74, 52, 114
68, 79, 95
27, 32, 52
69, 44, 63
59, 55, 101
39, 49, 103
69, 23, 96
68, 7, 80
36, 17, 179
25, 34, 65
25, 29, 43
2, 44, 182
59, 23, 220
22, 7, 215
68, 19, 29
49, 91, 54
51, 82, 25
33, 35, 124
28, 51, 76
34, 91, 73
53, 95, 10
61, 81, 1
7, 18, 16
60, 40, 141
16, 57, 87
64, 52, 92
71, 83, 10
56, 13, 245
43, 64, 101
12, 43, 129
5, 15, 0
68, 66, 49
15, 51, 103
42, 55, 117
17, 30, 148
12, 56, 150
36, 50, 111
38, 14, 211
25, 86, 38
61, 80, 1
34, 88, 62
9, 23, 28
28, 61, 91
12, 84, 231
5, 77, 171
39, 31, 108
44, 97, 125
10, 27, 2
35, 78, 94
30, 22, 233
67, 46, 131
54, 90, 0
67, 90, 1
17, 71, 68
11, 92, 147
73, 33, 190
25, 20, 232
62, 84, 1
50, 97, 100
35, 74, 147
26, 5, 18
29, 67, 97
72, 36, 132
34, 51, 91
69, 58, 30
15, 2, 4
55, 22, 176
56, 12, 148
5, 97, 48
34, 83, 34
9, 90, 140
5, 64, 156
5, 50, 199
63, 57, 107
68, 4, 23
53, 75, 20
24, 30, 42
28, 55, 16
69, 69, 68
4, 32, 132
20, 31, 109
34, 5, 14
19, 95, 72
19, 14, 128
44, 19, 196
2, 16, 0
6, 16, 3
69, 81, 71
19, 8, 165
34, 30, 173
51, 50, 95
8, 77, 103
7, 86, 202
46, 52, 113
50, 13, 225
18, 23, 64
15, 95, 109
73, 15, 54
53, 39, 130
55, 14, 237
14, 91, 108
46, 3, 9
56, 19, 177
28, 75, 167
5, 43, 44
5, 5, 6
55, 19, 181
22, 25, 216
34, 8, 249
40, 89, 136
35, 96, 62
69, 57, 87
75, 70, 5
4, 50, 149
33, 59, 106
8, 80, 82
30, 46, 7
64, 7, 1
46, 20, 217
38, 78, 42
59, 52, 97
34, 9, 246
49, 5, 10
36, 73, 142
34, 26, 177
31, 4, 31
63, 83, 0
66, 2, 10
25, 42, 74
68, 92, 0
58, 55, 101
46, 48, 96
62, 79, 51
70, 27, 164
72, 77, 146
24, 17, 170
12, 75, 91
35, 25, 191
26, 21, 232
25, 85, 47
15, 21, 226
63, 2, 35
41, 13, 223
30, 32, 144
67, 88, 14
9, 69, 85
74, 73, 0
73, 38, 167
59, 28, 210
14, 21, 222
70, 5, 68
61, 47, 114
6, 79, 187
71, 20, 5
68, 93, 0
30, 69, 76
42, 83, 94
36, 36, 78
2, 42, 70
65, 48, 116
62, 35, 156
69, 34, 134
68, 100, 8
22, 66, 63
3, 72, 85
34, 41, 73
69, 6, 84
70, 18, 101
20, 25, 26
56, 81, 60
15, 50, 79
3, 35, 76
54, 53, 101
72, 70, 12
44, 37, 75
15, 62, 89
69, 87, 14
73, 96, 0
63, 47, 131
54, 7, 29
42, 36, 74
4, 47, 33
13, 29, 8
2, 10, 0
50, 64, 108
19, 40, 82
52, 60, 85
53, 25, 146
73, 36, 155
42, 87, 146
30, 3, 19
25, 45, 74
2, 26, 1
25, 54, 19
51, 43, 114
47, 46, 91
73, 20, 109
14, 26, 196
59, 92, 32
1, 46, 126
75, 58, 129
48, 92, 159
42, 9, 236
44, 18, 214
54, 52, 103
16, 46, 126
22, 1, 1
41, 56, 115
51, 2, 4
54, 19, 183
30, 66, 93
72, 67, 121
33, 78, 67
2, 69, 148
75, 28, 100
19, 78, 189
10, 37, 116
74, 75, 133
66, 32, 116
68, 69, 60
52, 89, 0
50, 6, 19
2, 20, 1
15, 100, 55
63, 39, 143
42, 96, 128
35, 59, 131
66, 72, 152
16, 22, 227
43, 28, 151
72, 57, 135
63, 19, 15
19, 87, 70
35, 45, 63
16, 13, 110
50, 65, 118
50, 82, 27
37, 71, 184
9, 45, 137
3, 36, 103
33, 20, 197
43, 81, 68
3, 8, 20
17, 60, 105
60, 36, 146
67, 65, 32
42, 42, 80
46, 26, 173
58, 57, 112
65, 71, 186
73, 31, 187
62, 36, 156
30, 89, 110
1, 1, 0
3, 24, 6
47, 65, 115
25, 74, 105
2, 45, 194
28, 23, 238
37, 30, 137
64, 67, 38
17, 9, 181
16, 12, 128
71, 46, 82
8, 15, 6
65, 17, 40
55, 13, 247
35, 68, 184
14, 93, 106
6, 47, 42
13, 21, 228
16, 10, 146
61, 100, 77
35, 13, 208
66, 89, 22
42, 71, 156
33, 14, 173
66, 8, 13
49, 79, 17
8, 76, 90
26, 43, 72
73, 54, 57
53, 54, 91
65, 27, 148
59, 54, 100
25, 3, 41
55, 70, 100
63, 30, 206
26, 85, 19
15, 81, 191
20, 82, 143
19, 9, 201
28, 72, 99
46, 59, 112
34, 62, 112
42, 16, 180
51, 70, 108
73, 13, 106
46, 18, 202
40, 59, 133
71, 19, 87
44, 64, 98
66, 55, 81
56, 54, 103
59, 17, 236
2, 39, 182
68, 40, 140
31, 99, 112
68, 91, 0
60, 80, 44
26, 86, 27
23, 100, 48
20, 61, 159
12, 99, 73
36, 81, 80
43, 98, 128
7, 16, 4
2, 61, 89
25, 56, 7
53, 76, 14
17, 41, 120
15, 87, 111
29, 99, 155
74, 25, 76
5, 47, 9
70, 91, 12
32, 100, 114
46, 43, 91
62, 83, 1
33, 32, 141
61, 79, 41
35, 82, 87
27, 17, 220
68, 21, 37
70, 24, 163
20, 16, 187
44, 82, 89
6, 56, 124
32, 77, 104
69, 73, 168
71, 11, 9
71, 100, 6
29, 88, 75
23, 84, 65
17, 47, 87
56, 35, 108
64, 90, 18
23, 8, 205
47, 66, 84
17, 59, 117
15, 23, 219
27, 38, 43
31, 58, 91
15, 54, 162
62, 42, 145
36, 91, 102
48, 89, 138
14, 42, 132
45, 61, 96
26, 56, 9
73, 44, 142
68, 74, 131
71, 1, 44
53, 67, 36
72, 3, 25
44, 83, 115
9, 59, 154
24, 2, 34
33, 64, 110
21, 13, 165
15, 93, 91
38, 38, 66
24, 63, 26
7, 71, 26
67, 75, 150
33, 76, 153
39, 89, 165
57, 64, 82
56, 2, 17
9, 94, 82
30, 94, 132
11, 27, 0
52, 82, 30
67, 1, 5
62, 53, 98
46, 29, 136
8, 78, 87
51, 36, 108
19, 80, 157
27, 20, 223
63, 90, 13
28, 59, 47
71, 55, 134
66, 65, 118
39, 88, 155
11, 21, 28
73, 93, 30
65, 78, 81
18, 56, 124
30, 58, 79
56, 45, 139
31, 92, 102
14, 29, 68
3, 37, 59
46, 79, 92
17, 85, 145
24, 66, 50
45, 21, 191
59, 71, 120
22, 89, 58
59, 87, 1
45, 76, 40
34, 14, 194
11, 3, 0
66, 84, 31
8, 93, 137
14, 7, 5
27, 2, 11
68, 41, 136
62, 37, 145
26, 17, 219
42, 19, 198
61, 78, 96
4, 37, 8
37, 85, 131
14, 55, 115
17, 38, 105
35, 91, 94
68, 75, 145
43, 62, 95
6, 97, 20
41, 32, 152
1, 96, 139
13, 11, 103
22, 44, 83
42, 1, 3
29, 2, 3
23, 61, 29
37, 50, 86
47, 27, 167
18, 35, 101
62, 23, 234
12, 50, 105
24, 7, 196
11, 32, 43
9, 72, 117
43, 22, 188
38, 29, 153
50, 12, 221
64, 46, 86
38, 70, 129
32, 86, 61
65, 19, 36
58, 77, 58
40, 2, 31
10, 79, 173
67, 64, 75
31, 51, 74
23, 60, 34
17, 42, 116
47, 16, 141
15, 41, 167
8, 41, 124
67, 39, 132
17, 13, 114
47, 78, 72
46, 13, 225
72, 44, 129
41, 20, 179
53, 77, 19
20, 72, 101
71, 22, 50
52, 8, 29
36, 88, 115
47, 93, 136
2, 55, 8
57, 28, 145
16, 56, 108
66, 61, 43
67, 45, 120
40, 78, 94
7, 36, 2
52, 46, 111
51, 74, 114
11, 63, 158
72, 62, 132
62, 76, 52
24, 23, 223
37, 96, 140
31, 5, 10
5, 72, 74
43, 82, 87
63, 4, 16
43, 75, 29
47, 31, 103
21, 77, 179
51, 98, 112
55, 20, 187
16, 18, 222
10, 3, 1
42, 13, 197
59, 49, 125
44, 92, 113
8, 72, 165
4, 62, 25
71, 66, 87
9, 24, 19
17, 68, 107
48, 8, 230
65, 85, 6
72, 47, 106
1, 33, 196
42, 5, 15
24, 13, 169
53, 99, 110
43, 89, 86
19, 47, 102
33, 75, 149
4, 70, 160
51, 53, 101
4, 18, 35
41, 35, 71
14, 30, 66
39, 35, 89
10, 76, 69
7, 91, 130
26, 12, 155
16, 33, 155
61, 70, 146
39, 70, 165
71, 13, 63
59, 51, 122
26, 69, 73
61, 57, 34
6, 86, 64
19, 32, 77
11, 1, 1
63, 8, 3
24, 49, 81
22, 86, 23
61, 86, 1
41, 42, 83
44, 1, 47
19, 97, 80
2, 68, 122
57, 65, 66
6, 27, 0
72, 52, 99
12, 37, 110
64, 30, 184
53, 29, 147
72, 92, 18
13, 16, 12
73, 62, 91
39, 3, 1
41, 28, 151
60, 50, 114
55, 59, 90
24, 98, 27
3, 62, 14
64, 78, 85
26, 53, 30
65, 11, 11
18, 70, 78
26, 19, 195
15, 64, 93
23, 14, 162
9, 86, 209
45, 63, 104
8, 95, 79
64, 63, 35
68, 81, 104
10, 99, 78
52, 96, 12
17, 78, 137
21, 45, 89
57, 24, 196
59, 94, 59
14, 5, 6
5, 13, 0
67, 23, 184
41, 84, 104
60, 57, 98
23, 32, 37
24, 94, 60
63, 76, 26
45, 17, 160
4, 34, 164
3, 14, 1
3, 6, 14
72, 34, 149
15, 65, 92
16, 94, 72
39, 40, 65
15, 82, 231
29, 21, 236
74, 39, 129
69, 27, 187
51, 91, 64
26, 54, 29
42, 49, 106
13, 56, 146
72, 14, 68
19, 76, 65
20, 47, 99
46, 86, 72
65, 69, 72
67, 47, 140
70, 49, 104
64, 89, 24
7, 76, 32
56, 50, 106
60, 41, 142
21, 27, 83
41, 54, 127
40, 49, 110
30, 29, 150
67, 73, 145
59, 75, 48
69, 99, 7
57, 1, 36
30, 12, 210
15, 89, 64
13, 55, 135
12, 100, 105
49, 96, 79
64, 96, 0
32, 71, 135
7, 34, 3
31, 37, 49
4, 30, 1
56, 7, 52
2, 47, 120
66, 20, 28
17, 24, 93
37, 1, 1
9, 25, 1
55, 83, 53
52, 74, 163
30, 10, 238
4, 26, 0
51, 37, 84
65, 24, 137
37, 63, 70
27, 12, 175
74, 81, 48
73, 10, 30
3, 93, 203
57, 74, 42
69, 9, 0
14, 46, 124
46, 95, 133
18, 95, 73
36, 39, 52
65, 65, 44
42, 66, 75
40, 51, 114
31, 56, 87
57, 53, 103
60, 17, 153
68, 34, 138
12, 1, 0
23, 86, 15
45, 52, 114
63, 84, 0
16, 1, 6
59, 89, 1
66, 58, 36
53, 19, 191
14, 6, 6
11, 93, 145
58, 83, 3
28, 70, 89
44, 70, 145
40, 21, 195
72, 51, 102
30, 76, 140
68, 72, 129
20, 91, 64
49, 97, 96
59, 41, 136
10, 49, 132
21, 100, 79
42, 38, 72
37, 39, 60
70, 55, 133
53, 27, 159
30, 28, 184
38, 19, 191
71, 47, 86
15, 80, 197
11, 53, 83
67, 20, 12
50, 19, 140
48, 83, 51
11, 52, 88
73, 11, 32
47, 55, 115
59, 62, 71
11, 72, 117
12, 34, 221
19, 5, 5
13, 15, 65
64, 41, 120
28, 18, 189
26, 10, 193
4, 53, 87
55, 76, 40
60, 3, 63
24, 19, 217
24, 86, 42
40, 92, 164
7, 89, 195
62, 73, 141
73, 59, 49
66, 77, 48
13, 25, 209
73, 78, 142
39, 33, 138
15, 42, 156
54, 1, 38
66, 42, 135
50, 42, 123
50, 66, 90
31, 6, 9
60, 54, 100
41, 95, 120
44, 91, 108
39, 64, 26
48, 12, 199
56, 57, 84
33, 62, 104
63, 59, 104
19, 25, 20
1, 25, 1
67, 77, 60
41, 8, 241
13, 51, 149
54, 16, 233
67, 97, 6
37, 94, 122
52, 99, 107
49, 35, 123
60, 12, 4
75, 3, 159
17, 26, 76
73, 90, 0
65, 40, 134
25, 98, 108
41, 12, 211
64, 92, 5
27, 88, 52
52, 39, 124
54, 18, 167
65, 95, 22
29, 92, 125
42, 14, 182
65, 4, 4
75, 25, 92
18, 88, 72
40, 15, 202
19, 82, 143
15, 33, 182
31, 35, 30
55, 50, 110
56, 52, 103
37, 17, 200
22, 73, 60
32, 22, 198
4, 75, 146
37, 21, 197
23, 28, 61
56, 37, 129
22, 2, 42
42, 53, 123
38, 63, 77
75, 80, 101
1, 91, 36
16, 78, 103
4, 87, 8
69, 41, 85
51, 39, 117
20, 48, 112
74, 36, 160
10, 47, 75
5, 95, 132
18, 87, 88
36, 71, 166
9, 20, 26
36, 69, 133
33, 89, 70
10, 84, 209
7, 9, 4
56, 42, 132
71, 45, 66
35, 64, 102
56, 14, 242
27, 67, 95
8, 61, 167
14, 60, 160
59, 4, 72
66, 24, 190
17, 8, 28
55, 92, 80
73, 64, 98
31, 76, 149
59, 47, 119
18, 8, 35
52, 25, 160
5, 28, 1
35, 53, 112
14, 72, 121
26, 46, 69
35, 72, 176
20, 21, 64
4, 5, 10
44, 49, 104
49, 7, 80
75, 22, 195
31, 86, 82
29, 4, 6
65, 80, 112
21, 69, 82
7, 14, 0
12, 19, 0
18, 41, 70
19, 28, 85
40, 56, 128
62, 77, 48
51, 23, 150
61, 25, 209
66, 40, 141
54, 97, 39
67, 38, 139
57, 31, 177
3, 34, 153
55, 41, 135
25, 69, 20
38, 87, 153
42, 29, 124
30, 65, 100
1, 56, 113
37, 12, 229
8, 7, 1
52, 19, 172
57, 2, 42
38, 26, 154
17, 98, 97
44, 45, 91
43, 48, 102
23, 88, 22
58, 61, 97
21, 11, 169
35, 44, 63
16, 53, 143
3, 66, 167
5, 23, 5
52, 87, 44
32, 94, 104
56, 58, 93
31, 46, 18
45, 8, 240
72, 58, 113
28, 34, 86
23, 12, 178
38, 93, 149
50, 71, 165
40, 55, 122
15, 36, 139
23, 50, 33
34, 21, 196
21, 61, 110
66, 90, 6
60, 52, 103
55, 17, 164
16, 66, 110
19, 73, 93
7, 32, 0
43, 92, 113
71, 64, 122
15, 7, 1
17, 35, 151
12, 95, 90
33, 80, 37
51, 19, 132
70, 39, 103
29, 69, 87
50, 63, 107
50, 95, 46
64, 39, 142
5, 52, 175
2, 34, 154
26, 74, 180
9, 71, 109
57, 3, 64
58, 7, 29
48, 9, 244
45, 2, 35
30, 64, 98
24, 33, 58
54, 86, 21
70, 85, 23
47, 33, 113
53, 94, 13
43, 85, 135
51, 8, 31
46, 47, 90
55, 94, 37
34, 87, 65
49, 98, 90
7, 57, 117
72, 1, 87
55, 43, 140
70, 15, 143
55, 34, 133
21, 42, 123
36, 32, 126
11, 29, 11
70, 98, 0
39, 43, 90
7, 33, 0
12, 59, 134
74, 9, 45
58, 14, 151
59, 43, 138
18, 71, 79
23, 46, 64
59, 90, 26
25, 17, 130
4, 82, 14
9, 62, 149
62, 6, 4
28, 97, 136
48, 38, 69
73, 26, 59
74, 46, 88
13, 65, 131
48, 20, 170
41, 5, 11
15, 73, 115
60, 2, 50
49, 11, 229
67, 48, 142
6, 77, 180
45, 46, 95
31, 17, 213
48, 5, 5
58, 70, 118
30, 49, 47
62, 24, 199
52, 72, 114
12, 53, 142
18, 39, 72
21, 1, 2
14, 62, 119
28, 65, 95
64, 74, 150
18, 24, 70
35, 1, 1
57, 34, 142
54, 68, 12
63, 89, 15
20, 43, 98
53, 56, 96
11, 81, 156
42, 89, 168
20, 11, 164
7, 42, 121
36, 1, 1
17, 87, 70
8, 83, 44
12, 10, 7
58, 89, 1
61, 99, 81
40, 54, 120
67, 85, 14
65, 13, 68
66, 21, 38
40, 80, 65
65, 68, 47
21, 25, 8
73, 89, 5
22, 18, 212
65, 44, 96
72, 10, 7
20, 87, 75
21, 54, 34
52, 67, 54
22, 54, 26
32, 78, 49
27, 94, 164
4, 38, 40
6, 5, 0
59, 67, 49
61, 54, 98
56, 49, 119
54, 11, 62
11, 33, 99
52, 73, 144
43, 70, 147
8, 48, 148
53, 10, 249
15, 77, 100
33, 16, 190
52, 84, 11
56, 86, 1
32, 83, 48
3, 63, 17
19, 88, 75
23, 51, 25
35, 27, 170
19, 65, 130
35, 46, 85
2, 88, 74
37, 7, 17
10, 9, 0
4, 1, 1
34, 6, 19
59, 45, 123
69, 36, 127
19, 45, 96
24, 61, 25
12, 66, 105
67, 36, 132
35, 90, 100
62, 25, 161
2, 27, 1
11, 35, 211
18, 21, 58
68, 62, 138
7, 5, 0
55, 95, 35
40, 84, 97
57, 12, 23
44, 21, 181
49, 75, 19
1, 66, 116
3, 22, 3
9, 31, 21
48, 99, 107
34, 36, 104
52, 10, 233
11, 91, 124
48, 97, 115
66, 59, 18
6, 49, 152
65, 36, 138
67, 51, 151
18, 18, 65
12, 2, 2
12, 89, 142
55, 71, 108
54, 84, 56
45, 79, 152
72, 59, 56
26, 48, 67
64, 87, 41
62, 66, 31
21, 43, 136
55, 33, 143
1, 65, 143
23, 59, 33
16, 76, 108
52, 65, 114
60, 78, 90
4, 42, 35
14, 54, 125
61, 83, 0
61, 75, 54
28, 5, 12
75, 56, 170
13, 97, 117
47, 68, 44
16, 65, 109
21, 51, 48
4, 79, 17
66, 62, 11
75, 98, 0
46, 78, 156
75, 30, 40
19, 79, 217
40, 22, 200
4, 31, 64
61, 30, 214
24, 37, 50
61, 1, 25
21, 96, 61
29, 14, 187
33, 65, 109
41, 2, 27
28, 83, 81
51, 9, 149
17, 2, 10
21, 91, 51
42, 30, 103
3, 85, 18
71, 25, 121
45, 47, 94
39, 22, 223
38, 62, 108
47, 38, 67
49, 92, 135
37, 33, 113
48, 25, 173
44, 66, 96
62, 64, 15
73, 35, 193
67, 44, 108
45, 49, 99
74, 6, 12
39, 13, 229
24, 22, 234
29, 56, 62
62, 55, 109
5, 82, 14
13, 43, 138
69, 82, 76
37, 16, 188
4, 73, 120
16, 69, 61
73, 69, 5
36, 5, 3
33, 43, 50
9, 88, 152
39, 14, 229
16, 27, 138
64, 38, 146
46, 31, 144
30, 87, 101
38, 7, 22
15, 83, 161
25, 44, 65
38, 23, 219
8, 27, 0
20, 95, 56
58, 64, 71
21, 63, 143
3, 51, 87
30, 1, 25
12, 4, 2
39, 8, 252
44, 75, 26
71, 88, 32
51, 35, 145
58, 60, 93
65, 79, 96
3, 71, 91
25, 22, 229
32, 21, 200
22, 67, 67
26, 25, 247
51, 5, 65
20, 30, 16
41, 18, 186
53, 38, 125
8, 74, 83
47, 82, 17
73, 53, 68
48, 73, 88
22, 70, 94
67, 5, 12
51, 63, 105
19, 30, 28
65, 2, 15
36, 4, 1
63, 22, 194
14, 49, 119
33, 69, 127
1, 3, 1
24, 11, 203
43, 53, 122
28, 14, 180
7, 79, 118
10, 20, 35
24, 87, 29
26, 1, 25
74, 79, 125
70, 90, 18
32, 26, 211
35, 42, 67
48, 36, 101
55, 55, 95
40, 79, 54
28, 79, 96
69, 14, 92
52, 7, 29
59, 53, 106
66, 16, 134
57, 71, 110
8, 29, 1
37, 23, 209
54, 35, 122
60, 70, 134
31, 38, 60
35, 18, 207
42, 84, 116
51, 44, 106
39, 39, 60
36, 42, 73
9, 14, 2
72, 78, 112
69, 61, 86
50, 25, 166
59, 73, 131
44, 62, 118
4, 55, 0
20, 93, 66
21, 28, 75
9, 2, 1
19, 56, 93
48, 84, 65
48, 63, 102
51, 16, 172
11, 96, 148
71, 8, 13
29, 37, 58
14, 88, 101
47, 71, 111
33, 27, 189
28, 37, 43
56, 82, 56
52, 26, 146
8, 99, 82
31, 21, 211
51, 45, 95
75, 60, 48
66, 19, 23
12, 12, 12
21, 44, 85
6, 59, 71
73, 86, 19
72, 39, 84
24, 25, 248
28, 84, 80
58, 93, 51
8, 34, 3
57, 21, 168
1, 16, 5
19, 33, 139
60, 68, 29
1, 32, 164
11, 22, 19
63, 49, 83
74, 29, 34
6, 40, 52
68, 96, 1
56, 75, 40
17, 95, 64
45, 9, 242
13, 40, 165
23, 30, 34
18, 63, 117
16, 54, 152
52, 11, 182
63, 58, 101
74, 18, 15
16, 61, 116
12, 70, 147
11, 76, 71
19, 66, 139
62, 81, 112
20, 62, 158
61, 19, 142
36, 34, 86
16, 19, 225
16, 48, 156
50, 41, 129
9, 27, 13
29, 31, 92
12, 46, 103
58, 84, 3
42, 74, 21
15, 57, 103
35, 8, 248
16, 51, 125
39, 76, 48
29, 58, 60
18, 28, 87
67, 37, 148
71, 71, 11
29, 6, 21
36, 37, 78
70, 25, 187
14, 43, 130
14, 84, 154
9, 5, 8
57, 83, 7
49, 86, 112
27, 62, 101
46, 16, 144
26, 65, 48
33, 77, 90
33, 30, 136
9, 4, 17
13, 68, 140
25, 93, 36
42, 34, 129
40, 36, 76
33, 68, 83
4, 66, 210
32, 36, 37
52, 70, 152
48, 17, 194
72, 73, 51
13, 73, 129
58, 10, 2
72, 18, 115
31, 75, 148
52, 20, 185
28, 86, 93
20, 23, 42
42, 94, 126
49, 12, 209
44, 12, 225
10, 89, 132
44, 5, 44
51, 85, 10
61, 6, 22
29, 45, 55
42, 70, 200
26, 82, 110
19, 54, 85
37, 54, 111
50, 73, 105
45, 13, 222
16, 91, 57
25, 21, 229
26, 90, 35
62, 92, 4
7, 66, 76
7, 20, 24
9, 51, 142
69, 24, 207
71, 65, 124
59, 1, 34
7, 48, 188
52, 98, 105
24, 4, 7
3, 65, 109
59, 29, 185
34, 20, 202
34, 95, 101
34, 48, 85
11, 20, 37
19, 92, 61
53, 84, 42
35, 37, 83
60, 25, 242
58, 80, 31
39, 7, 35
66, 12, 13
41, 96, 126
68, 30, 129
13, 41, 129
20, 71, 93
38, 89, 162
40, 8, 244
2, 28, 1
2, 14, 2
22, 21, 203
14, 53, 129
19, 83, 147
15, 16, 168
13, 61, 131
57, 89, 0
8, 60, 161
45, 32, 131
1, 57, 121
30, 56, 76
72, 86, 38
37, 97, 137
50, 16, 141
72, 87, 17
42, 37, 67
54, 27, 156
26, 92, 59
39, 25, 164
11, 80, 132
62, 80, 94
3, 54, 2
56, 63, 107
44, 32, 116
54, 82, 30
64, 64, 58
44, 89, 90
35, 66, 84
51, 21, 171
31, 29, 173
2, 78, 172
37, 84, 119
37, 27, 152
62, 89, 11
58, 96, 81
55, 81, 43
39, 6, 10
8, 21, 28
2, 35, 132
32, 52, 88
4, 11, 0
35, 75, 148
65, 41, 128
49, 69, 112
5, 54, 150
16, 37, 93
33, 73, 152
37, 14, 210
35, 87, 92
58, 68, 37
59, 31, 165
33, 97, 130
36, 45, 97
57, 81, 50
20, 33, 129
37, 98, 135
43, 15, 206
57, 75, 18
19, 57, 132
27, 95, 176
64, 34, 166
45, 15, 171
29, 47, 32
32, 23, 201
33, 58, 112
73, 40, 127
45, 99, 143
48, 77, 54
75, 59, 86
5, 62, 131
22, 23, 231
65, 42, 98
3, 16, 1
12, 74, 118
6, 83, 36
25, 7, 209
48, 64, 107
58, 29, 169
22, 29, 36
55, 84, 41
44, 81, 86
34, 60, 118
28, 67, 90
69, 50, 135
13, 53, 132
24, 43, 65
18, 86, 94
68, 47, 132
17, 19, 216
5, 41, 114
65, 43, 91
48, 96, 104
67, 19, 11
75, 61, 116
60, 94, 39
64, 93, 19
64, 26, 107
65, 82, 86
40, 60, 130
26, 31, 26
59, 21, 230
31, 49, 63
69, 52, 136
25, 13, 159
45, 23, 160
65, 30, 152
66, 80, 113
34, 46, 55
26, 2, 27
49, 21, 146
44, 8, 243
59, 13, 17
68, 29, 166
43, 47, 96
36, 53, 102
38, 58, 116
35, 33, 154
16, 44, 113
45, 33, 143
53, 33, 157
22, 77, 200
29, 35, 46
8, 69, 121
4, 46, 52
45, 85, 41
40, 39, 60
45, 57, 99
63, 45, 143
27, 25, 237
35, 71, 144
51, 13, 241
65, 77, 53
36, 76, 68
53, 40, 131
60, 83, 10
25, 78, 135
13, 89, 112
36, 29, 147
7, 72, 42
34, 42, 73
16, 100, 128
33, 5, 16
63, 37, 145
23, 38, 31
49, 93, 137
61, 71, 110
45, 81, 84
33, 41, 58
68, 60, 9
21, 22, 204
7, 24, 2
59, 10, 4
19, 94, 68
29, 90, 101
69, 88, 5
74, 3, 170
21, 98, 57
26, 49, 70
51, 49, 100
50, 91, 107
2, 59, 120
32, 44, 30
29, 38, 65
74, 20, 84
39, 73, 125
1, 70, 129
27, 58, 1
35, 17, 194
47, 84, 44
46, 69, 48
71, 85, 29
52, 68, 90
39, 2, 0
53, 1, 25
46, 30, 144
65, 90, 18
42, 58, 119
1, 39, 148
10, 83, 175
75, 39, 93
18, 22, 108
29, 34, 138
64, 79, 100
10, 80, 176
9, 15, 11
50, 24, 155
63, 56, 112
17, 43, 128
66, 49, 136
15, 86, 150
24, 12, 176
7, 3, 1
39, 38, 58
74, 84, 9
48, 70, 80
52, 28, 141
25, 49, 79
37, 87, 145
9, 54, 155
19, 35, 115
31, 41, 36
41, 3, 21
60, 6, 68
54, 37, 115
37, 77, 49
29, 73, 173
59, 30, 174
71, 26, 132
69, 10, 33
24, 16, 150
20, 92, 70
28, 96, 139
3, 80, 3
42, 92, 91
25, 4, 13
74, 38, 150
75, 27, 154
43, 45, 92
73, 83, 24
25, 75, 173
28, 69, 90
21, 86, 74
16, 39, 89
69, 65, 34
74, 23, 129
37, 13, 209
61, 35, 145
10, 60, 136
72, 8, 11
38, 33, 136
51, 58, 94
2, 82, 54
75, 1, 0
58, 74, 52
23, 81, 145
39, 41, 77
39, 23, 214
52, 18, 167
5, 84, 35
61, 12, 22
58, 23, 213
57, 94, 80
52, 93, 122
24, 38, 50
69, 38, 99
10, 8, 1
67, 93, 17
74, 5, 85
65, 81, 116
15, 35, 145
41, 11, 230
48, 30, 46
55, 7, 64
60, 51, 110
44, 10, 239
29, 97, 159
29, 40, 63
40, 30, 142
27, 10, 207
43, 65, 102
32, 67, 94
59, 20, 205
1, 26, 0
71, 91, 13
32, 60, 100
55, 15, 228
28, 71, 97
2, 46, 153
32, 2, 21
40, 96, 115
23, 76, 173
17, 45, 116
63, 17, 16
72, 19, 41
55, 31, 173
73, 34, 187
37, 2, 0
29, 48, 39
44, 87, 75
13, 1, 0
42, 26, 146
69, 66, 26
54, 44, 133
47, 36, 92
35, 14, 214
5, 55, 150
7, 59, 118
46, 90, 81
19, 19, 70
7, 26, 0
21, 9, 193
60, 43, 139
4, 13, 0
14, 24, 203
20, 22, 116
57, 91, 36
43, 60, 90
1, 86, 32
23, 39, 39
49, 99, 34
67, 89, 6
11, 13, 7
19, 51, 61
71, 79, 71
28, 63, 88
52, 90, 1
24, 80, 149
12, 48, 132
57, 92, 47
3, 76, 65
39, 59, 124
2, 18, 3
59, 98, 78
56, 95, 51
58, 1, 22
50, 45, 97
7, 97, 13
56, 93, 83
49, 1, 34
17, 72, 72
5, 24, 1
7, 46, 159
38, 68, 165
47, 42, 112
43, 32, 98
11, 25, 0
47, 51, 106
29, 65, 100
63, 75, 69
72, 99, 36
14, 41, 132
51, 73, 82
47, 92, 129
60, 4, 75
36, 98, 108
70, 9, 24
65, 47, 130
53, 90, 35
41, 68, 209
57, 63, 86
43, 88, 156
45, 42, 89
55, 9, 52
7, 70, 65
20, 18, 143
44, 36, 92
32, 14, 165
36, 47, 93
39, 11, 236
71, 28, 180
11, 65, 90
73, 4, 10
59, 37, 144
40, 57, 131
31, 27, 199
47, 4, 6
12, 54, 134
62, 43, 148
24, 57, 14
17, 91, 60
2, 1, 0
37, 61, 104
74, 100, 35
4, 17, 7
10, 42, 153
71, 30, 156
24, 18, 218
3, 50, 120
48, 56, 108
1, 38, 3
18, 3, 7
51, 65, 112
47, 96, 178
43, 90, 79
50, 79, 10
34, 10, 244
52, 53, 97
7, 63, 152
11, 58, 129
15, 69, 131
50, 61, 86
33, 92, 88
68, 53, 116
72, 29, 146
48, 33, 113
46, 40, 75
71, 61, 126
50, 47, 98
5, 18, 21
10, 77, 97
18, 40, 81
36, 21, 189
74, 7, 10
29, 94, 146
66, 41, 138
68, 73, 147
64, 14, 26
26, 73, 9
65, 72, 139
20, 86, 98
35, 2, 1
31, 33, 83
69, 89, 17
31, 98, 112
45, 88, 83
68, 10, 42
21, 95, 61
68, 51, 148
44, 52, 111
56, 68, 39
54, 62, 97
9, 34, 14
16, 60, 99
28, 54, 26
75, 72, 1
11, 87, 134
2, 37, 90
29, 89, 88
8, 94, 64
15, 72, 125
53, 92, 150
70, 83, 9
36, 95, 118
64, 66, 37
23, 13, 167
45, 83, 102
63, 60, 119
37, 51, 92
9, 39, 203
36, 43, 83
47, 41, 115
31, 34, 52
51, 67, 37
60, 7, 28
28, 46, 35
65, 45, 119
1, 30, 12
10, 25, 0
50, 11, 213
27, 48, 76
67, 42, 134
16, 30, 119
30, 85, 92
14, 77, 118
16, 88, 66
71, 80, 129
72, 81, 133
7, 29, 0
28, 74, 188
34, 84, 30
31, 23, 202
52, 14, 244
37, 78, 53
65, 60, 34
28, 17, 219
7, 17, 3
33, 54, 104
72, 93, 12
63, 20, 10
71, 90, 1
24, 96, 50
41, 85, 127
29, 24, 238
5, 33, 182
46, 94, 123
13, 36, 217
65, 38, 145
48, 91, 176
15, 84, 132
28, 53, 48
26, 23, 235
42, 23, 200
57, 11, 36
63, 18, 18
48, 43, 114
47, 32, 100
5, 99, 1
20, 17, 174
36, 38, 67
56, 36, 105
15, 18, 227
19, 84, 119
67, 28, 145
4, 69, 174
38, 37, 78
35, 73, 133
46, 55, 113
67, 54, 96
75, 13, 62
46, 22, 141
21, 59, 109
20, 12, 163
7, 100, 60
13, 62, 137
68, 39, 120
72, 89, 2
35, 95, 57
47, 87, 75
44, 65, 102
16, 43, 137
8, 85, 180
28, 90, 131
71, 3, 76
54, 31, 161
19, 16, 74
54, 100, 143
24, 5, 14
47, 1, 3
57, 23, 191
14, 74, 143
66, 56, 77
57, 54, 105
53, 21, 163
8, 57, 156
2, 63, 61
32, 99, 117
41, 92, 173
74, 98, 7
66, 47, 144
47, 90, 115
42, 39, 72
30, 23, 226
50, 72, 142
10, 82, 143
10, 69, 93
60, 90, 28
6, 94, 145
72, 96, 0
17, 16, 99
12, 69, 157
65, 18, 36
72, 38, 139
8, 62, 115
4, 64, 118
31, 12, 215
57, 76, 18
3, 21, 0
27, 49, 78
18, 98, 76
66, 51, 145
36, 55, 113
22, 91, 30
5, 91, 199
64, 36, 154
15, 29, 112
24, 32, 39
59, 83, 48
16, 77, 105
41, 15, 187
29, 12, 195
25, 84, 36
65, 7, 3
23, 49, 51
60, 16, 149
2, 57, 99
20, 2, 11
9, 74, 97
63, 48, 94
41, 4, 12
17, 66, 119
37, 80, 72
18, 91, 62
40, 11, 236
30, 47, 25
68, 67, 85
75, 24, 83
22, 36, 91
41, 44, 91
24, 73, 11
62, 9, 3
27, 87, 57
72, 82, 110
23, 37, 48
69, 59, 10
13, 20, 236
40, 37, 60
65, 97, 2
10, 13, 0
20, 42, 128
13, 35, 181
30, 92, 119
59, 14, 20
5, 16, 1
6, 17, 8
28, 50, 78
15, 48, 154
32, 25, 211
21, 4, 17
3, 20, 12
6, 25, 0
49, 55, 105
66, 25, 179
64, 53, 96
8, 31, 24
27, 96, 180
39, 57, 127
39, 66, 159
1, 72, 52
59, 7, 65
38, 60, 116
63, 65, 38
72, 7, 28
52, 76, 172
7, 37, 5
27, 36, 58
44, 15, 180
13, 90, 112
23, 91, 55
19, 2, 24
49, 87, 106
20, 36, 121
42, 57, 114
67, 86, 0
4, 77, 77
38, 2, 1
69, 96, 15
20, 39, 101
30, 62, 89
15, 19, 227
30, 14, 180
41, 89, 168
43, 29, 130
46, 97, 146
17, 80, 197
10, 40, 64
52, 63, 104
36, 16, 205
42, 97, 127
54, 24, 151
22, 37, 126
19, 6, 11
70, 95, 28
19, 12, 147
50, 85, 28
66, 29, 133
45, 75, 38
73, 71, 12
74, 30, 128
12, 42, 165
3, 19, 6
63, 68, 78
29, 70, 84
51, 30, 137
7, 62, 144
16, 28, 125
46, 92, 84
41, 6, 16
23, 44, 76
24, 72, 19
15, 5, 0
58, 45, 132
39, 34, 129
51, 77, 52
5, 44, 22
1, 93, 207
31, 9, 238
64, 27, 132
37, 49, 102
27, 90, 89
28, 77, 141
63, 7, 4
72, 15, 44
55, 66, 35
13, 67, 137
50, 22, 153
13, 39, 143
51, 81, 17
38, 32, 124
24, 45, 72
42, 35, 88
68, 1, 48
24, 6, 94
11, 10, 0
48, 16, 149
3, 32, 164
6, 12, 0
5, 25, 0
42, 59, 120
26, 42, 78
21, 76, 148
53, 13, 237
23, 40, 48
20, 88, 53
22, 8, 190
69, 19, 43
58, 86, 0
41, 65, 84
45, 39, 91
58, 51, 120
40, 24, 154
48, 39, 80
30, 36, 44
8, 13, 0
35, 50, 107
49, 53, 104
71, 29, 183
35, 30, 166
36, 2, 1
75, 74, 0
39, 62, 116
3, 28, 1
63, 61, 116
33, 93, 94
4, 28, 1
75, 7, 10
21, 50, 44
48, 13, 216
27, 64, 76
70, 2, 122
60, 60, 69
74, 95, 0
6, 6, 0
15, 26, 195
74, 43, 114
1, 15, 43
27, 13, 150
8, 2, 0
2, 70, 118
62, 47, 125
31, 32, 102
57, 19, 191
61, 76, 78
40, 3, 37
36, 18, 198
17, 83, 135
41, 61, 113
20, 45, 102
10, 52, 112
28, 87, 107
58, 73, 131
37, 15, 207
6, 90, 193
72, 66, 151
31, 63, 105
53, 35, 108
46, 64, 114
8, 20, 22
52, 85, 30
35, 34, 157
74, 34, 146
20, 4, 13
33, 28, 185
13, 60, 158
55, 69, 48
9, 87, 219
5, 69, 208
68, 76, 128
11, 9, 0
7, 80, 24
73, 72, 6
29, 98, 160
21, 48, 100
49, 39, 87
68, 28, 169
3, 99, 78
67, 63, 67
7, 7, 1
58, 79, 57
25, 33, 72
50, 83, 31
43, 87, 166
1, 54, 4
25, 90, 36
74, 11, 28
70, 19, 90
73, 49, 127
54, 89, 4
40, 25, 145
55, 53, 96
2, 36, 154
7, 23, 3
2, 92, 200
67, 13, 31
47, 43, 102
17, 79, 199
54, 93, 57
18, 10, 181
18, 64, 123
6, 63, 63
68, 9, 29
41, 98, 132
3, 68, 171
11, 39, 100
17, 54, 149
16, 23, 215
70, 81, 105
55, 87, 2
33, 53, 98
53, 46, 116
43, 27, 158
38, 77, 17
68, 37, 109
7, 30, 2
71, 53, 141
59, 8, 0
56, 72, 115
58, 35, 129
65, 1, 35
50, 96, 54
20, 84, 55
53, 15, 244
5, 53, 150
6, 71, 23
29, 39, 65
34, 34, 143
1, 9, 0
23, 72, 72
44, 50, 107
74, 44, 101
7, 75, 15
68, 78, 92
40, 17, 179
31, 59, 105
5, 42, 64
75, 97, 0
45, 29, 158
72, 20, 79
44, 27, 154
75, 33, 204
56, 59, 99
58, 92, 41
7, 25, 1
71, 54, 138
29, 81, 99
1, 10, 0
25, 94, 31
19, 34, 141
53, 45, 116
45, 20, 202
70, 54, 133
59, 84, 45
28, 2, 11
18, 5, 15
72, 69, 34
10, 28, 30
8, 71, 140
74, 40, 135
4, 80, 1
70, 70, 28
8, 81, 17
75, 82, 22
6, 98, 2
3, 39, 183
68, 85, 2
69, 86, 10
53, 23, 178
23, 83, 67
16, 84, 133
40, 98, 130
57, 26, 133
73, 51, 99
33, 81, 33
17, 48, 108
6, 18, 17
29, 85, 69
25, 51, 69
70, 77, 114
18, 11, 151
36, 67, 163
33, 24, 200
68, 95, 9
45, 18, 224
25, 55, 12
47, 54, 110
63, 63, 31
33, 29, 171
50, 53, 104
62, 44, 144
39, 71, 155
20, 50, 52
74, 35, 123
41, 91, 180
52, 83, 15
69, 94, 1
2, 76, 79
73, 88, 4
10, 59, 109
14, 94, 98
67, 30, 141
71, 52, 122
66, 9, 4
22, 52, 38
33, 61, 108
12, 91, 82
38, 8, 252
74, 13, 100
32, 74, 145
44, 59, 108
20, 77, 190
56, 69, 39
9, 78, 128
44, 96, 115
48, 76, 45
13, 94, 64
61, 26, 233
36, 30, 153
11, 23, 11
3, 57, 52
19, 100, 82
63, 80, 115
48, 6, 20
13, 88, 147
43, 1, 27
42, 76, 81
3, 91, 205
30, 96, 136
6, 31, 0
65, 67, 23
32, 55, 99
11, 73, 108
25, 26, 233
43, 12, 220
8, 22, 12
38, 39, 61
5, 29, 0
59, 22, 236
69, 100, 22
8, 25, 0
57, 97, 73
13, 9, 1
8, 3, 4
19, 43, 65
39, 72, 137
32, 40, 46
20, 90, 59
71, 69, 45
5, 6, 2
24, 14, 178
49, 15, 216
5, 90, 219
43, 25, 168
54, 57, 98
16, 74, 144
49, 56, 108
66, 99, 0
23, 73, 20
12, 63, 114
31, 22, 211
8, 82, 12
53, 9, 62
66, 7, 5
6, 89, 219
36, 7, 19
65, 15, 73
65, 100, 10
54, 88, 12
10, 36, 175
73, 18, 77
54, 15, 242
32, 84, 50
58, 65, 63
47, 5, 9
6, 41, 81
36, 72, 145
51, 61, 87
24, 41, 64
42, 3, 9
74, 76, 142
3, 48, 73
39, 5, 6
29, 5, 17
70, 100, 0
26, 58, 4
46, 91, 78
24, 81, 98
71, 51, 92
22, 61, 103
9, 57, 142
3, 77, 83
17, 53, 149
1, 64, 124
20, 100, 89
44, 57, 106
23, 18, 211
62, 8, 3
57, 87, 1
54, 2, 14
28, 78, 149
57, 59, 97
17, 21, 218
49, 80, 22
27, 74, 168
47, 29, 110
27, 86, 63
61, 49, 121
63, 69, 61
18, 43, 73
53, 18, 169
42, 64, 95
34, 39, 75
65, 54, 91
63, 13, 6
35, 88, 101
57, 13, 183
70, 71, 35
35, 60, 121
56, 79, 30
37, 38, 69
41, 100, 139
14, 40, 161
63, 41, 133
42, 90, 166
33, 100, 130
9, 10, 0
45, 80, 74
8, 90, 136
11, 64, 152
15, 78, 95
48, 1, 17
33, 6, 25
7, 55, 45
8, 28, 3
12, 88, 141
73, 91, 0
11, 90, 137
33, 47, 58
62, 29, 251
8, 54, 173
55, 27, 154
4, 88, 43
21, 60, 103
8, 35, 2
73, 55, 90
55, 39, 138
40, 69, 181
33, 82, 34
49, 84, 82
27, 93, 149
59, 32, 141
35, 52, 103
44, 31, 119
52, 35, 102
40, 16, 206
50, 28, 148
50, 17, 170
38, 52, 113
67, 81, 126
25, 60, 5
16, 72, 123
57, 15, 235
11, 66, 103
26, 71, 75
69, 12, 7
18, 96, 69
10, 43, 174
56, 23, 167
38, 67, 186
48, 2, 15
1, 11, 1
41, 76, 140
24, 9, 231
61, 58, 28
11, 16, 4
75, 19, 41
62, 72, 136
17, 34, 134
52, 41, 136
63, 52, 98
57, 52, 100
47, 98, 140
13, 22, 217
25, 72, 8
66, 53, 98
68, 22, 44
56, 29, 197
53, 70, 118
25, 24, 240
32, 75, 137
14, 68, 159
4, 52, 75
1, 84, 137
67, 76, 94
24, 70, 54
60, 95, 45
21, 31, 70
35, 38, 64
3, 27, 0
69, 11, 20
13, 66, 137
49, 32, 121
28, 24, 243
6, 43, 59
66, 17, 69
33, 22, 198
32, 95, 106
8, 86, 200
30, 91, 115
24, 92, 58
23, 85, 28
70, 29, 164
6, 2, 0
32, 92, 94
43, 99, 134
32, 38, 47
73, 68, 15
20, 83, 139
20, 70, 85
57, 42, 132
21, 36, 150
32, 51, 87
16, 16, 60
23, 97, 49
62, 99, 63
44, 69, 25
71, 36, 134
56, 44, 142
33, 10, 236
70, 82, 18
68, 24, 229
71, 60, 94
65, 9, 2
9, 55, 153
31, 48, 48
53, 16, 234
62, 19, 144
62, 15, 33
69, 63, 38
31, 18, 218
64, 37, 154
60, 45, 140
22, 9, 214
3, 18, 6
60, 99, 82
53, 37, 106
60, 77, 81
72, 68, 46
4, 95, 136
60, 88, 12
10, 64, 129
50, 93, 134
44, 79, 129
37, 29, 149
15, 88, 58
37, 100, 121
45, 56, 105
51, 34, 157
5, 94, 140
63, 81, 140
65, 56, 55
26, 80, 96
13, 23, 207
41, 78, 49
1, 29, 4
12, 38, 152
34, 24, 189
61, 46, 140
39, 84, 124
16, 90, 59
13, 13, 122
69, 1, 87
75, 34, 207
5, 40, 169
71, 74, 169
6, 100, 4
48, 100, 119
63, 51, 83
53, 79, 30
65, 16, 92
55, 46, 125
56, 5, 28
51, 83, 32
47, 8, 228
6, 24, 1
40, 48, 113
69, 70, 44
61, 15, 45
38, 51, 106
39, 21, 210
20, 58, 92
29, 3, 9
29, 36, 53
38, 59, 116
47, 6, 15
25, 65, 18
47, 97, 175
30, 42, 58
66, 79, 109
11, 42, 140
15, 38, 94
29, 46, 40
45, 43, 90
66, 82, 123
5, 96, 144
54, 6, 25
67, 26, 163
20, 80, 124
29, 62, 99
38, 25, 168
69, 30, 133
6, 21, 17
45, 64, 115
26, 44, 68
30, 4, 10
33, 48, 77
33, 90, 75
31, 73, 194
17, 81, 189
72, 40, 130
60, 31, 177
3, 42, 42
3, 83, 35
32, 89, 66
13, 86, 137
73, 47, 143
71, 50, 87
2, 91, 209
35, 7, 17
10, 45, 112
59, 96, 58
57, 39, 135
21, 71, 84
1, 55, 18
45, 14, 181
11, 95, 147
38, 98, 136
3, 33, 167
31, 62, 100
62, 3, 22
53, 72, 104
50, 7, 52
54, 4, 3
53, 43, 125
34, 70, 166
50, 59, 96
23, 27, 98
47, 48, 92
43, 84, 123
27, 53, 48
51, 41, 133
26, 39, 69
74, 24, 89
52, 77, 11
49, 94, 125
73, 84, 34
42, 28, 138
14, 56, 125
70, 68, 35
26, 100, 96
67, 59, 30
20, 81, 133
45, 16, 167
39, 60, 120
37, 10, 232
3, 86, 0
20, 69, 89
69, 76, 150
29, 15, 199
14, 100, 121
19, 22, 44
19, 55, 82
15, 14, 96
6, 60, 63
34, 45, 65
65, 32, 155
26, 40, 80
34, 25, 195
53, 6, 44
44, 93, 110
68, 25, 242
51, 22, 155
62, 39, 143
21, 52, 47
31, 93, 106
75, 100, 34
62, 40, 147
40, 34, 105
18, 69, 79
29, 49, 51
35, 3, 1
52, 36, 85
54, 10, 107
54, 42, 123
36, 84, 118
17, 31, 147
24, 76, 202
63, 55, 113
75, 44, 68
42, 91, 112
34, 90, 65
60, 26, 243
72, 2, 103
16, 67, 98
70, 75, 131
71, 37, 138
47, 75, 37
56, 32, 156
43, 40, 71
18, 97, 66
26, 16, 192
61, 88, 9
40, 95, 76
49, 2, 9
38, 18, 213
63, 6, 0
25, 76, 204
63, 34, 163
12, 23, 36
52, 34, 101
56, 33, 145
65, 51, 107
9, 29, 19
46, 19, 225
28, 1, 7
50, 68, 58
13, 64, 109
57, 90, 10
41, 73, 125
57, 8, 37
75, 65, 43
34, 66, 98
73, 85, 34
52, 32, 172
9, 33, 3
74, 65, 35
32, 33, 151
58, 33, 127
50, 57, 100
24, 85, 56
9, 8, 1
45, 7, 34
16, 34, 158
7, 44, 145
67, 31, 136
20, 26, 89
51, 88, 40
2, 87, 55
34, 99, 140
39, 82, 97
30, 34, 66
72, 46, 119
42, 2, 9
64, 82, 16
14, 10, 57
39, 87, 154
52, 33, 134
46, 9, 238
26, 66, 44
36, 70, 45
52, 2, 12
58, 31, 163
59, 15, 175
1, 20, 2
60, 37, 143
64, 73, 130
19, 89, 77
71, 48, 100
17, 15, 93
20, 1, 14
7, 56, 101
69, 71, 43
16, 38, 74
15, 1, 2
45, 98, 125
10, 81, 157
49, 16, 136
36, 99, 63
50, 89, 36
9, 70, 118
24, 47, 72
40, 38, 51
10, 11, 1
13, 80, 43
50, 39, 103
66, 43, 111
38, 42, 52
37, 42, 92
58, 82, 19
1, 75, 94
35, 67, 108
37, 67, 170
24, 97, 33
56, 53, 109
14, 83, 201
56, 3, 41
67, 68, 74
71, 98, 1
73, 22, 141
20, 89, 42
18, 78, 185
43, 54, 114
68, 20, 37
2, 5, 9
8, 26, 0
26, 63, 73
63, 14, 7
73, 75, 167
7, 50, 147
61, 11, 15
19, 93, 54
19, 81, 134
27, 98, 182
16, 63, 113
14, 87, 152
40, 35, 118
74, 16, 57
14, 48, 131
54, 81, 14
8, 68, 97
56, 28, 190
18, 90, 63
71, 31, 202
61, 84, 1
13, 28, 2
43, 83, 103
59, 74, 74
69, 67, 64
70, 69, 53
10, 65, 128
19, 10, 196
46, 73, 127
34, 11, 239
49, 95, 101
49, 8, 190
46, 49, 101
29, 41, 67
10, 6, 0
61, 53, 101
9, 3, 0
41, 41, 74
63, 71, 154
31, 77, 143
24, 79, 144
12, 17, 20
50, 26, 162
54, 29, 160
64, 88, 27
57, 99, 61
41, 93, 133
1, 37, 107
60, 47, 110
22, 12, 185
23, 42, 60
26, 11, 197
43, 69, 9
21, 23, 123
29, 91, 116
11, 85, 239
3, 53, 62
28, 64, 92
22, 83, 57
21, 80, 129
62, 31, 206
27, 65, 84
43, 97, 125
66, 96, 8
21, 88, 68
65, 61, 35
61, 27, 237
15, 24, 214
11, 54, 82
2, 32, 173
28, 49, 79
51, 26, 173
54, 23, 164
26, 45, 66
50, 77, 10
67, 27, 158
1, 58, 142
41, 64, 83
41, 34, 83
30, 5, 17
29, 10, 219
39, 17, 200
8, 10, 1
12, 28, 0
26, 7, 244
59, 57, 118
9, 91, 145
47, 70, 116
71, 24, 114
67, 100, 1
45, 66, 92
73, 9, 16
3, 5, 15
66, 45, 128
47, 22, 133
37, 86, 134
75, 86, 13
68, 36, 131
64, 10, 6
36, 64, 91
51, 97, 75
48, 46, 89
72, 76, 132
7, 65, 110
52, 62, 89
24, 84, 48
26, 62, 22
9, 77, 99
30, 40, 73
17, 96, 74
62, 12, 16
55, 57, 84
42, 41, 76
31, 47, 33
25, 14, 208
28, 45, 31
54, 95, 22
46, 98, 145
46, 25, 189
13, 46, 83
25, 48, 70
7, 87, 208
11, 14, 8
67, 67, 81
45, 86, 58
55, 80, 18
64, 75, 87
8, 1, 2
37, 79, 61
27, 8, 232
15, 8, 4
74, 86, 1
64, 16, 77
30, 78, 89
26, 64, 94
42, 8, 245
70, 45, 90
55, 73, 115
15, 9, 36
68, 70, 26
60, 24, 233
52, 48, 100
4, 100, 0
64, 81, 112
25, 63, 16
47, 83, 23
71, 23, 99
40, 94, 168
47, 100, 112
53, 30, 172
35, 51, 116
66, 22, 60
35, 65, 94
51, 6, 76
49, 25, 159
33, 79, 41
48, 10, 245
47, 26, 197
8, 84, 83
12, 6, 13
47, 53, 116
41, 82, 113
7, 4, 2
8, 42, 110
74, 69, 5
55, 77, 35
8, 98, 5
75, 96, 0
75, 36, 34
27, 3, 17
43, 33, 130
24, 62, 29
41, 17, 188
72, 42, 154
10, 30, 54
64, 4, 11
73, 46, 146
60, 48, 110
1, 40, 142
48, 65, 118
9, 41, 73
56, 6, 41
34, 98, 137
72, 5, 9
58, 2, 50
28, 80, 90
39, 37, 70
24, 29, 53
75, 38, 86
53, 34, 143
33, 51, 92
66, 46, 140
14, 50, 103
3, 44, 179
53, 83, 18
43, 51, 116
28, 29, 166
55, 78, 26
1, 51, 149
45, 60, 99
36, 24, 196
47, 59, 107
62, 27, 216
56, 15, 221
21, 85, 57
73, 29, 185
13, 31, 35
55, 82, 53
15, 20, 228
18, 48, 94
28, 48, 68
47, 12, 217
56, 84, 1
6, 7, 1
18, 47, 85
14, 8, 8
65, 34, 156
65, 49, 113
32, 15, 179
31, 20, 217
24, 88, 43
57, 98, 79
74, 63, 70
54, 74, 17
18, 7, 21
4, 97, 143
9, 95, 91
44, 90, 96
29, 1, 0
27, 39, 61
22, 5, 18
46, 68, 66
70, 14, 65
73, 21, 149
14, 16, 86
33, 67, 98
56, 80, 59
29, 87, 67
28, 27, 198
40, 44, 82
63, 88, 8
68, 32, 141
56, 48, 124
58, 40, 132
17, 90, 59
20, 57, 88
55, 75, 24
64, 19, 28
72, 97, 1
69, 95, 20
54, 38, 134
15, 10, 144
71, 40, 103
59, 5, 81
30, 80, 74
26, 81, 91
35, 32, 144
73, 1, 43
32, 28, 190
36, 68, 179
28, 41, 74
4, 93, 149
42, 45, 92
43, 50, 108
49, 90, 47
47, 17, 180
3, 61, 43
19, 26, 110
30, 37, 56
1, 80, 23
15, 75, 105
11, 69, 117
27, 82, 74
32, 13, 190
5, 66, 219
28, 4, 21
10, 87, 158
72, 98, 11
53, 14, 245
21, 89, 52
59, 24, 226
14, 90, 106
64, 23, 211
4, 22, 25
64, 3, 30
33, 2, 14
54, 63, 105
1, 22, 3
28, 56, 13
53, 41, 132
58, 88, 0
33, 95, 120
44, 58, 110
62, 49, 98
4, 76, 122
58, 27, 166
29, 74, 195
25, 68, 13
49, 83, 62
2, 31, 39
24, 21, 229
68, 86, 7
4, 60, 7
51, 76, 114
66, 26, 147
16, 85, 145
33, 86, 45
49, 85, 109
4, 56, 1
40, 46, 113
8, 6, 2
37, 60, 109
51, 27, 147
46, 83, 30
53, 31, 171
23, 7, 235
42, 88, 161
1, 78, 200
57, 45, 124
5, 73, 93
71, 89, 25
61, 98, 80
45, 25, 183
1, 97, 133
27, 57, 1
46, 1, 24
54, 96, 33
63, 10, 5
49, 66, 85
17, 57, 122
36, 59, 115
54, 49, 105
44, 35, 110
30, 9, 207
73, 66, 104
45, 51, 117
64, 42, 103
17, 10, 163
75, 32, 152
42, 93, 115
48, 85, 81
61, 93, 1
10, 62, 161
49, 71, 135
71, 42, 62
52, 51, 96
1, 100, 137
16, 97, 106
69, 75, 132
35, 12, 226
60, 55, 107
60, 93, 9
9, 43, 154
38, 15, 210
62, 54, 106
43, 10, 238
13, 37, 162
58, 20, 209
15, 58, 91
23, 89, 27
22, 59, 63
46, 80, 86
8, 37, 70
12, 41, 151
42, 7, 176
24, 40, 57
35, 4, 1
56, 38, 146
58, 30, 164
16, 7, 1
19, 38, 127
59, 60, 100
29, 42, 66
5, 4, 4
19, 15, 93
31, 71, 60
19, 64, 128
70, 88, 22
68, 63, 74
56, 77, 16
67, 11, 0
70, 13, 75
31, 78, 87
37, 89, 155
27, 73, 89
38, 28, 148
58, 66, 60
49, 31, 80
48, 29, 88
7, 41, 115
70, 43, 78
2, 17, 1
45, 24, 173
45, 84, 67
33, 70, 187
61, 14, 41
50, 2, 1
67, 62, 101
27, 23, 234
47, 25, 193
5, 48, 126
74, 48, 80
14, 13, 112
42, 69, 151
1, 18, 4
18, 66, 127
9, 32, 25
45, 34, 132
47, 14, 194
73, 16, 151
69, 29, 158
57, 10, 38
22, 34, 154
3, 58, 66
66, 44, 117
34, 54, 111
48, 26, 150
11, 34, 209
32, 73, 188
12, 90, 93
60, 21, 245
71, 44, 74
32, 37, 38
44, 16, 176
16, 81, 219
37, 6, 6
41, 57, 114
49, 22, 139
45, 92, 106
65, 10, 5
12, 58, 157
32, 85, 55
59, 82, 17
48, 34, 118
26, 24, 243
8, 12, 2
68, 68, 76
53, 57, 88
43, 17, 174
53, 91, 129
45, 37, 82
41, 86, 134
22, 99, 50
25, 67, 9
23, 17, 211
14, 23, 210
13, 69, 158
46, 67, 56
14, 18, 234
9, 6, 3
55, 65, 67
21, 10, 187
22, 47, 73
9, 11, 0
61, 2, 38
53, 49, 102
32, 57, 101
9, 9, 3
1, 49, 21
8, 32, 1
48, 75, 56
48, 68, 43
70, 94, 2
74, 56, 121
56, 91, 43
19, 21, 38
42, 52, 119
44, 77, 22
25, 83, 47
47, 69, 39
34, 29, 169
23, 99, 48
29, 54, 37
20, 14, 125
8, 53, 149
6, 37, 17
28, 66, 92
17, 17, 66
74, 77, 133
47, 10, 243
73, 39, 188
51, 14, 242
41, 33, 115
62, 61, 125
72, 6, 18
42, 78, 139
3, 38, 84
39, 54, 119
7, 43, 157
51, 99, 106
11, 17, 10
21, 34, 128
30, 45, 26
44, 60, 93
49, 70, 117
70, 41, 102
5, 36, 6
28, 3, 7
20, 28, 89
35, 40, 68
48, 94, 125
46, 50, 103
57, 22, 184
35, 9, 242
37, 48, 100
56, 61, 97
21, 18, 199
24, 26, 232
7, 77, 56
75, 53, 120
70, 36, 126
75, 6, 5
19, 61, 142
56, 74, 36
61, 31, 181
7, 96, 75
24, 1, 36
22, 97, 59
35, 41, 69
64, 9, 0
28, 43, 69
40, 71, 177
14, 20, 230
60, 81, 27
38, 24, 199
13, 12, 121
73, 3, 106
45, 94, 97
72, 56, 130
29, 23, 229
56, 78, 20
15, 90, 67
46, 12, 237
50, 36, 116
24, 89, 41
2, 71, 84
23, 79, 132
5, 78, 147
46, 87, 73
48, 22, 137
71, 17, 142
28, 15, 218
45, 62, 101
39, 29, 156
47, 44, 92
9, 85, 205
3, 55, 0
68, 89, 5
11, 75, 87
40, 90, 143
50, 52, 99
65, 5, 7
48, 61, 92
27, 26, 233
20, 27, 68
54, 32, 145
36, 27, 157
27, 46, 61
71, 5, 49
25, 2, 44
11, 94, 140
45, 12, 232
13, 99, 76
63, 92, 1
12, 8, 4
2, 50, 140
31, 69, 92
39, 74, 82
24, 46, 69
15, 37, 137
74, 32, 145
17, 89, 58
52, 42, 130
68, 13, 31
46, 88, 73
68, 11, 1
19, 48, 99
66, 86, 0
61, 16, 36
43, 73, 114
10, 50, 129
31, 100, 113
44, 29, 149
51, 1, 31
15, 97, 115
21, 29, 62
49, 41, 124
31, 54, 89
32, 88, 68
64, 59, 80
75, 73, 0
51, 95, 22
21, 40, 80
27, 89, 62
34, 94, 100
74, 88, 17
13, 45, 95
42, 99, 135
70, 40, 85
40, 66, 70
21, 90, 33
1, 5, 1
22, 43, 106
61, 4, 31
62, 16, 20
49, 18, 227
75, 15, 30
72, 88, 11
19, 42, 81
11, 68, 110
63, 24, 222
16, 73, 143
30, 26, 225
56, 9, 33
62, 68, 97
7, 39, 97
24, 75, 185
4, 94, 127
2, 8, 2
25, 71, 6
53, 36, 89
70, 21, 59
53, 87, 18
24, 77, 161
49, 19, 209
63, 73, 137
8, 16, 0
15, 74, 107
41, 97, 129
49, 64, 114
8, 24, 1
48, 27, 120
46, 17, 166
38, 80, 68
5, 9, 0
47, 13, 191
73, 77, 136
49, 28, 125
35, 69, 160
2, 19, 4
38, 30, 149
52, 64, 107
62, 90, 22
22, 68, 77
48, 3, 16
72, 85, 44
31, 11, 234
13, 10, 12
30, 100, 133
48, 72, 96
63, 78, 77
36, 44, 89
36, 83, 109
33, 39, 68
15, 31, 198
46, 99, 156
15, 68, 87
36, 48, 105
53, 12, 232
69, 7, 94
45, 90, 92
74, 14, 69
9, 42, 123
21, 15, 175
43, 41, 76
4, 12, 0
48, 78, 23
18, 92, 60
14, 32, 197
54, 34, 125
22, 10, 203
56, 4, 37
74, 19, 43
42, 50, 109
51, 3, 8
51, 71, 130
10, 51, 147
6, 85, 57
33, 26, 204
37, 74, 139
22, 74, 59
8, 50, 85
42, 20, 187
35, 99, 92
46, 71, 118
69, 15, 164
12, 25, 1
12, 52, 133
3, 89, 94
28, 47, 53
26, 15, 230
31, 15, 173
4, 14, 0
40, 45, 104
16, 89, 63
60, 97, 54
43, 80, 59
6, 39, 12
29, 95, 150
4, 35, 38
58, 41, 130
60, 9, 17
3, 79, 46
3, 2, 2
30, 74, 162
56, 88, 1
64, 44, 100
66, 95, 7
16, 62, 120
23, 31, 37
13, 81, 159
45, 91, 105
49, 60, 102
73, 43, 154
20, 60, 157
3, 81, 26
37, 99, 104
75, 63, 62
57, 18, 206
62, 70, 139
39, 18, 198
1, 85, 90
55, 99, 101
23, 68, 71
54, 72, 110
29, 60, 94
25, 18, 200
27, 34, 61
38, 79, 60
24, 27, 227
54, 8, 20
52, 66, 104
39, 51, 113
27, 81, 57
23, 93, 51
18, 80, 225
54, 26, 157
12, 92, 96
67, 40, 136
9, 64, 116
30, 25, 235
47, 9, 247
44, 6, 37
34, 81, 48
54, 12, 240
60, 23, 226
43, 67, 45
58, 8, 5
14, 95, 89
39, 24, 182
58, 19, 198
59, 44, 129
51, 4, 29
5, 45, 9
52, 43, 118
65, 94, 33
71, 63, 115
19, 91, 59
22, 57, 33
16, 80, 193
14, 22, 219
57, 44, 134
20, 5, 6
10, 18, 5
48, 52, 101
43, 2, 19
20, 38, 78
32, 54, 98
46, 42, 86
19, 23, 44
54, 48, 112
27, 15, 236
74, 8, 38
64, 45, 111
49, 36, 109
51, 69, 73
67, 14, 94
22, 28, 65
6, 38, 28
25, 81, 87
38, 73, 108
39, 52, 116
75, 92, 2
7, 61, 142
27, 35, 50
25, 82, 46
69, 92, 0
59, 63, 43
26, 26, 222
66, 85, 4
30, 8, 243
43, 23, 169
6, 23, 5
41, 29, 152
63, 3, 24
26, 41, 78
36, 60, 108
5, 70, 164
71, 21, 24
41, 83, 98
50, 49, 95
15, 15, 97
10, 44, 159
4, 2, 0
13, 87, 139
13, 52, 124
48, 42, 121
50, 80, 13
39, 81, 30
15, 91, 72
55, 90, 0
56, 1, 32
19, 63, 129
45, 100, 149
28, 99, 125
4, 4, 3
36, 35, 77
67, 58, 29
34, 22, 198
5, 32, 140
49, 34, 132
29, 29, 161
64, 20, 29
11, 98, 136
35, 58, 118
38, 1, 0
20, 35, 160
65, 12, 23
55, 18, 195
34, 38, 79
52, 97, 83
68, 59, 21
51, 11, 207
46, 34, 117
69, 78, 75
12, 33, 215
74, 59, 45
36, 33, 132
69, 85, 8
50, 90, 40
44, 63, 109
11, 30, 35
25, 59, 4
9, 38, 202
62, 96, 17
37, 92, 147
65, 39, 136
17, 44, 125
41, 45, 96
27, 100, 188
36, 78, 73
34, 64, 102
26, 75, 196
9, 99, 71
10, 2, 4
57, 66, 57
21, 75, 84
63, 72, 135
34, 71, 141
73, 100, 50
70, 10, 30
19, 62, 132
26, 59, 4
33, 36, 109
26, 99, 99
61, 5, 35
6, 72, 17
54, 91, 103
49, 58, 109
47, 52, 106
58, 22, 202
72, 22, 115
30, 19, 231
58, 76, 32
25, 61, 3
50, 15, 226
31, 39, 64
74, 41, 128
20, 6, 7
66, 78, 85
41, 81, 71
23, 62, 42
72, 95, 0
1, 13, 19
33, 31, 132
75, 11, 47
9, 50, 107
32, 32, 157
70, 6, 80
35, 86, 84
62, 98, 89
74, 89, 7
73, 73, 16
58, 54, 95
73, 76, 136
15, 96, 117
70, 8, 1
26, 32, 43
42, 18, 172
45, 77, 29
21, 19, 198
41, 39, 58
68, 57, 58
26, 98, 91
21, 83, 81
13, 8, 2
54, 21, 191
35, 48, 95
67, 80, 117
7, 84, 89
40, 13, 223
28, 25, 237
48, 51, 103
3, 30, 3
9, 46, 83
49, 81, 31
40, 100, 135
6, 92, 129
55, 32, 152
71, 2, 90
25, 16, 113
21, 35, 123
27, 1, 15
52, 47, 104
19, 39, 133
4, 6, 18
68, 50, 142
16, 98, 115
70, 63, 83
16, 95, 85
20, 24, 28
21, 66, 149
41, 31, 148
68, 6, 92
41, 26, 154
54, 73, 106
29, 82, 96
28, 60, 63
2, 97, 132
64, 8, 6
21, 46, 97
27, 51, 70
36, 20, 178
62, 10, 11
24, 78, 143
59, 27, 238
11, 77, 54
65, 89, 27
30, 98, 141
12, 77, 58
9, 81, 104
48, 79, 12
13, 100, 49
35, 92, 75
36, 52, 90
9, 44, 163
67, 6, 21
63, 91, 0
66, 88, 18
16, 8, 1
62, 82, 29
8, 67, 115
14, 39, 142
10, 14, 2
75, 41, 81
51, 87, 51
49, 10, 231
35, 89, 100
2, 21, 3
11, 51, 108
62, 45, 135
69, 35, 145
72, 28, 245
57, 100, 48
47, 24, 194
28, 26, 218
49, 29, 108
23, 69, 85
14, 27, 201
6, 78, 190
53, 44, 114
16, 3, 0
50, 88, 33
18, 30, 87
75, 18, 19
38, 85, 129
72, 43, 140
40, 87, 126
32, 98, 115
64, 47, 69
10, 68, 103
65, 63, 40
52, 50, 100
58, 5, 83
48, 50, 97
16, 20, 223
58, 100, 49
32, 24, 208
69, 20, 47
72, 30, 167
38, 86, 145
72, 12, 22
10, 74, 87
60, 85, 0
9, 82, 77
59, 86, 2
69, 32, 168
71, 84, 15
60, 69, 25
45, 48, 96
54, 22, 181
1, 8, 0
70, 53, 137
24, 65, 51
62, 97, 121
27, 5, 15
73, 63, 89
74, 87, 1
8, 9, 4
55, 45, 129
64, 76, 31
61, 7, 24
21, 67, 135
1, 45, 177
52, 49, 99
53, 97, 61
66, 75, 142
23, 78, 158
32, 80, 56
74, 27, 106
57, 6, 47
58, 48, 129
5, 80, 16
30, 33, 142
59, 25, 239
38, 74, 121
74, 67, 21
9, 93, 71
22, 90, 47
39, 79, 44
43, 4, 15
24, 8, 221
71, 59, 96
9, 73, 121
33, 63, 114
10, 61, 142
36, 14, 224
46, 7, 31
52, 94, 40
56, 25, 168
55, 86, 33
17, 39, 79
35, 77, 80
8, 55, 153
12, 20, 28
61, 42, 141
56, 39, 143
53, 100, 139
67, 22, 60
9, 21, 8
46, 35, 93
6, 67, 123
8, 59, 119
37, 26, 173
50, 56, 99
55, 98, 86
24, 35, 109
50, 5, 28
47, 61, 96
46, 75, 50
46, 6, 16
26, 36, 72
73, 37, 167
68, 71, 32
45, 73, 131
73, 48, 133
23, 70, 75
47, 28, 127
68, 42, 120
55, 11, 24
5, 67, 209
41, 90, 179
75, 23, 89
47, 67, 39
1, 31, 30
59, 91, 24
27, 99, 183
57, 43, 130
62, 59, 113
12, 21, 46
49, 88, 82
50, 31, 106
20, 53, 77
18, 89, 70
65, 46, 125
37, 90, 160
59, 78, 71
2, 89, 83
53, 89, 31
66, 98, 9
55, 89, 0
27, 61, 75
28, 82, 86
16, 17, 152
66, 54, 91
10, 67, 124
44, 48, 100
23, 71, 63
45, 50, 113
74, 83, 2
14, 51, 138
14, 33, 176
38, 94, 136
12, 9, 5
60, 62, 17
63, 96, 9
33, 9, 244
5, 35, 16
46, 58, 113
26, 38, 63
50, 9, 179
11, 2, 3
15, 61, 88
21, 12, 177
1, 7, 0
18, 61, 121
43, 79, 128
36, 63, 94
49, 57, 104
23, 67, 65
69, 22, 33
56, 24, 155
63, 26, 168
35, 35, 113
62, 91, 5
13, 74, 113
72, 4, 25
6, 10, 3
75, 57, 183
1, 81, 43
33, 88, 62
47, 21, 157
16, 45, 114
44, 25, 167
39, 45, 104
38, 61, 111
54, 36, 95
22, 100, 56
9, 28, 81
69, 74, 141
11, 60, 151
9, 83, 67
12, 24, 23
50, 75, 31
49, 37, 78
31, 87, 79
31, 90, 92
43, 59, 89
34, 67, 90
51, 90, 8
9, 92, 137
42, 40, 69
39, 95, 85
18, 77, 48
71, 95, 1
10, 4, 0
57, 73, 126
16, 11, 130
66, 64, 94
6, 15, 0
34, 7, 32
43, 30, 118
58, 46, 121
11, 86, 159
44, 46, 95
9, 98, 47
37, 46, 88
67, 98, 23
39, 80, 66
4, 54, 12
49, 100, 96
30, 68, 76
1, 89, 133
62, 78, 29
37, 5, 3
2, 58, 108
6, 73, 13
73, 97, 0
65, 74, 145
40, 26, 139
54, 71, 107
16, 92, 55
30, 27, 223
59, 61, 87
74, 71, 0
69, 16, 179
74, 47, 82
9, 75, 92
71, 38, 134
1, 35, 138
52, 61, 77
51, 20, 160
34, 100, 144
3, 92, 214
50, 99, 79
26, 93, 68
12, 80, 71
75, 43, 103
63, 33, 170
68, 88, 9
43, 21, 179
6, 58, 100
21, 72, 85
22, 16, 211
64, 25, 116
55, 97, 43
42, 6, 37
44, 84, 128
68, 33, 146
62, 46, 132
30, 73, 168
53, 88, 17
29, 71, 94
74, 62, 119
59, 59, 99
58, 36, 126
19, 46, 103
40, 6, 11
6, 45, 147
42, 67, 40
59, 11, 3
36, 40, 48
33, 84, 34
47, 35, 99
18, 29, 133
30, 21, 232
37, 81, 79
64, 65, 53
57, 47, 128
51, 60, 92
5, 59, 134
47, 50, 105
60, 89, 11
12, 93, 107
29, 44, 55
18, 42, 65
12, 55, 131
55, 25, 163
41, 22, 190
10, 78, 143
40, 83, 58
61, 87, 6
62, 41, 150
7, 98, 6
46, 23, 166
73, 27, 114
74, 97, 1
22, 49, 55
45, 55, 110
64, 35, 145
58, 37, 138
25, 70, 18
66, 35, 148
64, 54, 101
3, 75, 93
42, 47, 100
8, 70, 73
29, 96, 155
38, 83, 105
11, 70, 123
46, 8, 225
3, 10, 0
39, 20, 178
74, 17, 61
65, 98, 16
61, 73, 134
66, 69, 58
73, 14, 66
64, 98, 77
25, 23, 236
62, 100, 58
71, 43, 66
49, 76, 70
61, 51, 125
33, 23, 196
67, 52, 154
67, 49, 144
10, 17, 6
39, 93, 139
10, 56, 140
37, 20, 184
12, 57, 183
69, 64, 52
36, 80, 80
59, 36, 130
39, 1, 1
26, 22, 228
8, 19, 29
25, 95, 31
17, 7, 1
43, 18, 184
34, 2, 13
44, 39, 85
43, 13, 206
72, 94, 1
56, 85, 0
32, 50, 81
60, 96, 39
38, 69, 150
66, 73, 139
1, 52, 153
24, 44, 67
11, 57, 97
9, 30, 32
55, 38, 141
43, 24, 170
20, 9, 218
39, 91, 163
13, 24, 202
28, 8, 220
53, 2, 13
40, 42, 84
53, 59, 94
28, 30, 61
6, 32, 15
64, 40, 140
70, 46, 104
52, 17, 211
48, 60, 103
1, 82, 61
68, 82, 111
61, 65, 2
1, 68, 124
60, 29, 206
31, 13, 165
34, 58, 109
31, 84, 82
74, 91, 1
22, 98, 53
75, 50, 36
59, 26, 245
73, 7, 16
60, 92, 2
69, 51, 137
45, 72, 128
56, 21, 185
61, 33, 159
38, 16, 210
38, 36, 92
70, 59, 81
75, 99, 8
12, 3, 0
18, 37, 154
54, 59, 77
17, 40, 137
53, 52, 96
55, 58, 88
63, 64, 33
74, 4, 74
7, 67, 49
8, 96, 84
62, 32, 175
54, 80, 17
52, 27, 134
32, 8, 220
25, 79, 154
16, 49, 156
12, 61, 142
40, 23, 186
11, 11, 3
53, 47, 111
57, 14, 245
74, 92, 0
14, 99, 98
18, 36, 116
55, 93, 46
71, 39, 118
15, 66, 72
62, 18, 22
62, 60, 127
60, 79, 89
65, 99, 5
39, 98, 132
16, 68, 66
25, 80, 135
66, 66, 56
69, 43, 62
8, 4, 5
17, 100, 114
1, 71, 43
40, 72, 157
33, 91, 86
39, 85, 135
4, 40, 189
63, 40, 121
70, 79, 113
61, 28, 235
42, 31, 111
9, 58, 94
73, 45, 149
44, 85, 143
58, 62, 96
20, 10, 172
38, 55, 119
61, 61, 25
34, 80, 63
38, 13, 205
65, 25, 142
43, 6, 50
64, 68, 45
73, 5, 4
40, 47, 94
57, 84, 1
17, 76, 99
41, 38, 61
37, 35, 75
14, 14, 107
4, 36, 11
54, 17, 192
16, 82, 162
68, 97, 5
3, 25, 1
44, 95, 112
24, 48, 78
38, 76, 10
70, 3, 109
37, 4, 1
66, 68, 43
10, 66, 127
62, 75, 49
55, 67, 29
61, 82, 0
28, 16, 226
8, 46, 141
75, 51, 77
74, 66, 33
13, 6, 5
64, 95, 11
4, 49, 159
25, 91, 32
54, 3, 3
1, 44, 87
21, 6, 20
22, 3, 27
41, 67, 72
1, 73, 170
39, 96, 87
70, 16, 161
50, 32, 147
72, 79, 45
36, 23, 199
4, 44, 57
18, 14, 106
69, 31, 180
49, 6, 9
3, 100, 1
71, 94, 1
38, 27, 156
6, 1, 0
67, 99, 0
2, 12, 2
75, 85, 17
58, 28, 166
41, 23, 204
5, 11, 0
20, 67, 123
35, 31, 161
27, 47, 72
33, 12, 212
72, 54, 142
27, 71, 99
25, 73, 9
42, 100, 139
46, 53, 107
55, 48, 120
14, 19, 237
22, 22, 221
24, 93, 60
74, 42, 135
45, 31, 133
22, 95, 58
55, 72, 114
36, 25, 183
33, 46, 71
11, 38, 122
34, 16, 185
47, 2, 10
29, 83, 84
26, 79, 148
62, 74, 131
57, 37, 118
39, 46, 106
42, 85, 129
51, 57, 98
23, 45, 74
29, 26, 215
25, 25, 245
30, 2, 18
22, 87, 42
53, 48, 107
40, 82, 47
30, 60, 86
34, 63, 104
53, 17, 202
50, 46, 101
72, 100, 46
22, 55, 31
12, 67, 146
50, 44, 93
7, 78, 115
9, 60, 138
42, 43, 92
16, 93, 67
10, 16, 12
56, 30, 192
6, 46, 134
50, 35, 136
17, 75, 71
52, 13, 236
63, 29, 245
21, 92, 58
60, 11, 5
70, 28, 201
37, 64, 55
25, 88, 36
17, 65, 127
18, 34, 130
38, 49, 118
6, 66, 45
41, 1, 7
54, 20, 162
40, 81, 88
50, 40, 130
38, 56, 120
69, 93, 1
6, 57, 110
75, 48, 115
47, 45, 87
40, 9, 235
48, 86, 96
39, 68, 182
71, 41, 69
4, 19, 15
49, 73, 91
56, 70, 100
28, 6, 99
5, 79, 121
17, 3, 12
29, 22, 227
18, 54, 95
63, 9, 0
20, 3, 16
6, 20, 21
30, 35, 36
6, 33, 87
66, 34, 93
37, 93, 119
33, 49, 100
70, 48, 98
18, 15, 92
16, 15, 100
52, 4, 18
13, 71, 163
61, 59, 35
69, 18, 95
33, 38, 78
52, 22, 158
13, 96, 96
29, 20, 243
66, 28, 137
22, 17, 205
11, 83, 203
46, 70, 122
49, 62, 90
23, 54, 21
40, 32, 122
5, 10, 4
51, 24, 163
27, 31, 28
18, 100, 93
17, 93, 62
70, 62, 87
63, 94, 1
74, 78, 138
21, 93, 71
38, 43, 54
48, 53, 112
47, 77, 95
66, 30, 128
24, 55, 17
34, 92, 82
8, 40, 194
63, 43, 147
14, 59, 186
20, 76, 90
61, 32, 161
1, 48, 102
61, 9, 23
8, 18, 22
8, 100, 91
39, 97, 112
6, 76, 163
4, 21, 10
47, 20, 216
42, 33, 123
16, 2, 5
36, 8, 200
4, 83, 23
75, 84, 11
33, 7, 38
67, 61, 27
71, 87, 22
54, 33, 142
23, 5, 9
75, 9, 45
63, 35, 164
75, 2, 35
47, 85, 60
3, 52, 114
49, 65, 121
10, 96, 84
46, 100, 171
64, 58, 81
13, 32, 217
51, 51, 94
8, 79, 62
61, 39, 136
21, 55, 59
15, 34, 180
42, 56, 114
74, 70, 3
45, 40, 76
18, 49, 104
32, 3, 16
9, 84, 145
62, 52, 121
51, 66, 96
14, 34, 212
32, 48, 69
45, 74, 51
59, 35, 132
72, 31, 111
41, 48, 113
22, 82, 126
66, 100, 1
44, 53, 114
27, 52, 55
51, 68, 82
49, 61, 99
69, 37, 84
27, 42, 66
61, 45, 141
15, 85, 134
28, 68, 92
16, 36, 123
52, 24, 183
29, 30, 130
35, 28, 170
13, 78, 83
70, 64, 97
69, 21, 38
58, 72, 113
23, 9, 196
52, 29, 145
67, 35, 103
9, 12, 1
50, 69, 131
2, 41, 130
74, 74, 1
45, 45, 93
75, 8, 38
65, 55, 88
36, 6, 6
36, 28, 142
2, 52, 127
54, 58, 96
52, 92, 136
32, 82, 52
32, 39, 55
58, 16, 218
46, 84, 48
48, 40, 111
1, 98, 130
18, 38, 113
3, 74, 109
50, 1, 28
36, 77, 65
59, 81, 17
1, 43, 196
1, 83, 85
70, 4, 70
41, 7, 144
67, 92, 8
38, 96, 152
14, 98, 71
14, 9, 6
19, 7, 17
71, 92, 8
13, 76, 84
11, 41, 156
22, 69, 87
48, 24, 150
69, 40, 95
67, 4, 7
25, 57, 8
35, 20, 192
20, 51, 40
56, 67, 48
26, 35, 65
68, 12, 3
22, 32, 46
61, 29, 220
25, 99, 130
25, 5, 8
34, 97, 118
49, 63, 102
53, 5, 18
10, 92, 109
48, 48, 90
10, 15, 11
67, 12, 1
57, 69, 29
73, 67, 65
4, 15, 0
49, 44, 98
10, 85, 198
1, 12, 16
65, 20, 40
7, 35, 1
58, 18, 213
28, 22, 227
60, 32, 147
32, 69, 82
60, 13, 16
1, 14, 116
28, 93, 144
15, 40, 161
45, 67, 52
55, 42, 131
48, 32, 96
54, 75, 24
10, 86, 213
75, 90, 5
59, 6, 87
11, 24, 2
5, 71, 56
15, 94, 101
74, 1, 33
2, 80, 16
57, 85, 0
44, 28, 150
12, 31, 23
73, 32, 178
18, 13, 134
43, 71, 172
35, 43, 63
32, 31, 162
20, 78, 199
40, 40, 66
32, 66, 98
68, 99, 22
49, 72, 138
23, 25, 252
33, 60, 114
25, 100, 146
5, 68, 153
14, 57, 132
61, 63, 9
67, 24, 207
17, 14, 103
20, 55, 96
10, 39, 73
61, 3, 22
6, 62, 57
27, 66, 93
75, 88, 29
14, 36, 167
28, 73, 163
25, 8, 238
21, 65, 152
62, 95, 0
37, 88, 149
65, 93, 40
7, 68, 22
39, 77, 26
69, 90, 21
29, 86, 70
37, 18, 207
1, 17, 4
56, 83, 21
38, 50, 111
44, 74, 68
22, 64, 71
24, 69, 48
24, 82, 51
12, 87, 132
66, 39, 140
53, 64, 110
75, 71, 0
65, 6, 4
61, 34, 150
40, 68, 183
68, 83, 123
27, 14, 199
30, 51, 45
13, 3, 5
48, 14, 209
10, 41, 135
65, 31, 168
51, 15, 242
1, 62, 97
27, 83, 104
21, 73, 59
49, 4, 3
70, 47, 119
28, 81, 96
67, 2, 9
63, 86, 29
46, 74, 33
33, 66, 101
69, 26, 216
53, 68, 47
2, 49, 59
27, 30, 35
22, 62, 101
63, 16, 50
60, 10, 15
6, 54, 134
12, 62, 143
35, 29, 170
21, 47, 88
63, 38, 142
48, 55, 107
68, 14, 97
41, 77, 193
57, 16, 206
34, 79, 98
38, 53, 116
19, 67, 129
68, 27, 170
41, 99, 131
19, 90, 66
36, 75, 145
18, 31, 127
27, 19, 203
62, 17, 15
19, 96, 79
67, 25, 189
36, 62, 98
40, 7, 62
64, 61, 62
17, 61, 101
52, 57, 92
37, 53, 107
55, 60, 93
74, 37, 194
26, 84, 35
5, 49, 176
23, 41, 53
16, 70, 65
22, 60, 81
66, 81, 115
56, 90, 1
45, 97, 106
50, 51, 95
24, 95, 53
42, 15, 185
49, 3, 18
26, 51, 52
25, 36, 77
74, 72, 1
49, 47, 90
47, 30, 96
73, 23, 116
12, 13, 19
52, 69, 121
38, 12, 238
4, 85, 15
36, 90, 102
71, 57, 129
20, 49, 96
62, 20, 187
16, 83, 136
73, 65, 107
35, 62, 105
37, 66, 156
31, 8, 226
59, 9, 1
27, 28, 220
25, 19, 209
25, 87, 35
25, 30, 49
36, 82, 103
21, 84, 58
41, 30, 141
41, 47, 105
49, 45, 94
53, 22, 168
26, 78, 149
33, 1, 25
6, 48, 44
15, 13, 112
37, 3, 1
33, 96, 128
5, 8, 2
7, 90, 146
2, 38, 12
36, 100, 63
11, 15, 2
25, 47, 67
21, 79, 128
42, 32, 114
72, 26, 52
72, 50, 100
39, 78, 34
57, 72, 114
69, 68, 72
4, 59, 23
18, 27, 107
27, 77, 132
17, 27, 45
39, 16, 221
20, 40, 88
71, 33, 167
70, 52, 139
33, 15, 191
36, 93, 111
11, 18, 2
31, 57, 87
64, 32, 156
32, 76, 150
56, 8, 66
52, 3, 3
47, 56, 110
11, 78, 51
15, 99, 76
36, 51, 118
59, 3, 60
48, 81, 24
16, 87, 59
71, 68, 26
34, 74, 139
55, 26, 166
75, 4, 68
9, 16, 1
47, 76, 77
39, 32, 118
7, 51, 138
26, 20, 222
5, 31, 19
33, 37, 95
69, 42, 62
75, 75, 4
43, 52, 122
26, 30, 38
31, 53, 84
69, 97, 2
44, 44, 91
14, 3, 4
42, 22, 199
62, 7, 5
8, 87, 205
25, 27, 239
62, 65, 19
45, 95, 82
65, 70, 98
62, 4, 13
21, 8, 225
22, 79, 148
20, 37, 65
13, 98, 111
41, 14, 222
50, 62, 94
41, 55, 122
38, 64, 37
55, 62, 102
51, 46, 106
15, 6, 1
40, 75, 137
29, 11, 217
20, 44, 85
13, 19, 234
17, 37, 164
75, 49, 87
3, 64, 78
18, 51, 66
66, 91, 3
45, 19, 209
17, 20, 218
6, 14, 0
58, 50, 128
50, 34, 151
70, 80, 124
30, 13, 197
69, 55, 137
61, 8, 26
48, 74, 35
73, 2, 89
31, 55, 89
21, 21, 218
31, 28, 187
9, 47, 82
17, 70, 62
69, 17, 130
9, 37, 130
27, 59, 22
68, 15, 149
68, 80, 95
55, 35, 112
70, 32, 150
16, 26, 158
30, 18, 223
29, 78, 133
25, 89, 37
16, 14, 99
60, 22, 224
40, 77, 123
55, 10, 10
50, 37, 81
44, 98, 119
48, 23, 134
3, 9, 0
13, 58, 173
22, 93, 53
24, 64, 41
20, 46, 99
64, 21, 170
4, 81, 3
40, 41, 78
13, 14, 106
66, 67, 52
43, 34, 147
55, 63, 105
60, 65, 6
53, 86, 45
59, 38, 144
53, 65, 108
32, 41, 43
69, 48, 118
75, 26, 102
4, 39, 150
45, 27, 166
36, 26, 163
70, 93, 3
61, 97, 61
16, 64, 113
67, 50, 136
5, 38, 27
24, 74, 30
37, 59, 111
44, 94, 112
70, 34, 157
53, 42, 131
30, 52, 57
39, 36, 77
55, 5, 11
3, 26, 1
6, 22, 21
25, 6, 149
37, 65, 30
69, 45, 71
75, 93, 0
17, 6, 4
31, 25, 221
68, 87, 16
20, 32, 104
67, 70, 46
36, 13, 205
57, 57, 95
64, 12, 18
12, 98, 42
43, 94, 119
12, 27, 5
59, 40, 139
39, 63, 82
38, 11, 242
40, 93, 169
67, 72, 174
30, 93, 129
63, 31, 201
11, 48, 145
66, 1, 14
32, 68, 95
23, 80, 146
70, 7, 73
63, 11, 5
4, 3, 0
38, 35, 127
18, 1, 16
73, 79, 80
73, 24, 118
6, 93, 133
72, 84, 40
13, 57, 152
12, 49, 128
42, 25, 177
51, 93, 132
25, 64, 17
44, 2, 23
56, 46, 122
18, 6, 16
68, 2, 74
44, 9, 241
73, 52, 82
5, 76, 207
48, 87, 102
61, 48, 114
48, 98, 116
58, 69, 26
56, 73, 118
51, 40, 133
21, 53, 34
23, 34, 72
18, 19, 98
24, 100, 13
34, 78, 92
54, 77, 28
52, 58, 92
1, 67, 138
51, 10, 213
22, 65, 60
7, 21, 17
11, 5, 0
72, 65, 153
7, 74, 3
35, 100, 115
58, 3, 58
60, 34, 145
69, 83, 46
34, 89, 66
64, 48, 96
31, 40, 51
62, 86, 13
21, 64, 149
62, 69, 88
10, 57, 129
38, 46, 94
16, 55, 157
39, 58, 125
66, 74, 135
59, 66, 38
51, 48, 102
27, 63, 98
51, 72, 175
17, 46, 104
21, 78, 222
38, 9, 241
42, 51, 123
53, 11, 159
46, 93, 106
55, 51, 104
35, 81, 91
62, 30, 231
34, 3, 11
44, 38, 77
42, 68, 85
53, 50, 103
34, 75, 148
60, 59, 69
60, 73, 135
48, 18, 225
56, 26, 122
15, 59, 81
75, 35, 153
22, 50, 35
30, 97, 137
43, 20, 186
22, 15, 172
15, 70, 151
7, 31, 0
48, 57, 108
4, 9, 0
64, 2, 14
46, 45, 92
55, 79, 10
46, 85, 55
30, 90, 111
30, 15, 182
39, 44, 94
72, 60, 92
29, 33, 156
11, 28, 0
23, 24, 243
50, 4, 24
47, 79, 23
28, 7, 247
58, 25, 217
68, 45, 95
25, 10, 205
65, 73, 144
59, 19, 204
32, 17, 191
56, 31, 175
60, 18, 68
7, 27, 1
60, 46, 132
60, 14, 26
31, 61, 99
3, 3, 1
13, 82, 198
54, 13, 247
53, 53, 97
6, 95, 140
51, 52, 99
23, 26, 241
44, 41, 77
41, 25, 163
31, 96, 113
13, 34, 202
7, 10, 2
25, 43, 62
54, 43, 132
14, 81, 200
46, 32, 150
38, 47, 93
32, 18, 206
61, 89, 17
50, 84, 29
2, 66, 171
42, 17, 192
37, 47, 96
22, 19, 208
14, 75, 154
59, 12, 4
22, 88, 55
30, 30, 160
24, 53, 23
48, 54, 109
12, 76, 72
34, 28, 189
21, 70, 90
61, 69, 57
21, 68, 99
32, 46, 34
24, 58, 11
25, 28, 88
50, 20, 143
7, 1, 1
46, 21, 177
7, 69, 49
9, 7, 0
55, 61, 86
26, 88, 22
62, 94, 0
15, 53, 149
53, 60, 91
5, 39, 78
6, 26, 0
63, 15, 29
65, 64, 9
22, 20, 212
38, 44, 64
64, 69, 79
41, 52, 124
52, 23, 178
16, 41, 146
33, 87, 53
52, 78, 17
47, 72, 117
31, 42, 35
11, 44, 151
36, 54, 119
29, 61, 104
15, 56, 99
24, 50, 76
50, 8, 115
20, 68, 131
63, 36, 155
53, 74, 32
20, 96, 67
41, 79, 28
17, 32, 148
69, 91, 7
18, 45, 112
63, 85, 8
44, 26, 164
14, 61, 108
5, 89, 203
72, 41, 160
35, 23, 191
46, 15, 173
4, 8, 3
59, 72, 119
43, 95, 127
36, 61, 101
16, 50, 152
53, 55, 95
20, 99, 85
32, 7, 158
3, 90, 213
26, 87, 21
54, 70, 94
50, 18, 217
18, 74, 86
32, 90, 76
42, 77, 150
75, 64, 56
59, 39, 140
4, 98, 61
66, 23, 175
68, 52, 147
9, 56, 140
31, 31, 137
67, 91, 0
10, 46, 31
37, 19, 196
28, 19, 206
32, 47, 65
2, 11, 0
58, 67, 56
60, 1, 30
5, 83, 23
31, 16, 202
68, 55, 117
10, 24, 0
29, 50, 60
19, 70, 103
42, 54, 132
68, 5, 74
9, 52, 153
72, 75, 144
28, 39, 69
50, 100, 109
39, 94, 130
70, 78, 54
63, 28, 183
41, 37, 73
56, 65, 66
22, 94, 58
14, 1, 10
74, 82, 3
18, 72, 84
45, 38, 88
45, 82, 102
2, 77, 145
42, 98, 129
26, 94, 62
50, 48, 95
59, 18, 207
43, 61, 94
54, 66, 79
59, 46, 119
73, 30, 177
50, 70, 167
26, 96, 75
14, 97, 58
50, 43, 109
64, 86, 35
31, 64, 104
37, 44, 73
41, 80, 41
54, 65, 102
9, 68, 106
60, 87, 3
6, 74, 8
47, 15, 187
40, 18, 190
12, 79, 37
10, 94, 111
32, 30, 167
47, 34, 113
44, 3, 15
58, 90, 17
70, 97, 3
46, 11, 228
62, 50, 124
49, 59, 104
24, 10, 199
54, 51, 109
2, 93, 206
2, 33, 182
57, 29, 145
48, 7, 14
7, 38, 2
67, 60, 37
2, 79, 168
74, 58, 73
23, 52, 26
39, 86, 141
25, 15, 228
40, 4, 29
73, 42, 174
60, 74, 90
23, 77, 208
40, 67, 181
52, 75, 94
30, 55, 77
27, 72, 94
53, 26, 155
65, 50, 127
18, 57, 132
46, 77, 89
22, 14, 127
12, 51, 82
72, 91, 3
4, 71, 79
67, 94, 10
5, 12, 0
56, 71, 110
4, 16, 0
41, 43, 90
4, 74, 123
18, 50, 61
50, 60, 93
64, 80, 108
12, 18, 23
70, 65, 70
33, 45, 63
23, 63, 62
44, 22, 177
25, 97, 77
29, 52, 47
55, 74, 27
41, 87, 142
59, 64, 26
24, 52, 33
11, 79, 85
65, 62, 41
63, 82, 37
67, 41, 141
8, 11, 1
31, 81, 89
65, 87, 29
43, 14, 192
75, 52, 104
55, 12, 240
36, 46, 94
36, 65, 78
46, 28, 167
13, 44, 84
8, 36, 0
12, 16, 18
50, 67, 24
65, 3, 5
19, 29, 94
32, 10, 232
70, 51, 131
24, 39, 49
66, 97, 15
6, 19, 42
57, 49, 132
28, 38, 53
4, 58, 9
33, 99, 126
2, 53, 35
18, 76, 30
56, 40, 144
67, 43, 109
5, 85, 48
61, 94, 17
28, 31, 32
45, 35, 126
68, 8, 12
22, 24, 244
25, 53, 22
5, 34, 144
69, 56, 134
74, 93, 1
6, 87, 209
21, 37, 120
15, 76, 98
23, 65, 58
35, 94, 55
29, 63, 99
44, 56, 107
50, 55, 102
8, 45, 149
46, 24, 188
2, 94, 204
22, 92, 54
69, 79, 120
42, 81, 56
57, 38, 132
2, 13, 0
67, 69, 38
19, 52, 85
53, 71, 119
35, 39, 66
28, 57, 27
45, 5, 24
39, 19, 182
57, 17, 222
18, 55, 118
48, 35, 116
2, 74, 86
37, 95, 134
33, 98, 128
3, 69, 180
25, 37, 66
2, 98, 132
42, 11, 215
49, 89, 67
71, 34, 154
57, 20, 181
28, 13, 167
51, 59, 97
67, 55, 103
67, 17, 104
74, 54, 76
7, 6, 1
68, 3, 31
75, 21, 205
22, 33, 135
27, 68, 97
28, 95, 145
51, 55, 102
28, 10, 227
21, 81, 144
55, 56, 91
74, 51, 80
3, 88, 44
46, 36, 83
8, 23, 2
44, 17, 154
66, 33, 90
16, 59, 81
29, 27, 206
17, 69, 71
34, 37, 71
20, 15, 152
12, 65, 116
3, 78, 80
15, 46, 132
7, 92, 135
46, 76, 42
20, 8, 231
23, 98, 48
47, 88, 93
59, 68, 42
3, 59, 69
70, 17, 146
46, 38, 98
75, 10, 30
49, 9, 239
71, 9, 19
11, 97, 142
53, 51, 105
54, 99, 100
53, 73, 113
74, 68, 29
49, 38, 76
65, 26, 139
63, 1, 45
5, 88, 211
16, 42, 140
65, 96, 1
71, 18, 152
11, 84, 193
14, 31, 191
18, 79, 184
23, 15, 187
27, 4, 8
34, 1, 26
25, 52, 30
11, 26, 1
23, 4, 8
51, 7, 45
71, 12, 24
38, 21, 215
13, 7, 6
38, 3, 2
75, 37, 48
1, 47, 129
68, 64, 43
39, 75, 91
27, 9, 205
66, 5, 2
18, 4, 13
45, 89, 88
51, 17, 189
41, 10, 240
1, 19, 2
61, 10, 20
42, 63, 92
31, 67, 88
49, 30, 53
2, 40, 154
41, 40, 62
48, 45, 90
27, 6, 75
11, 46, 29
61, 23, 223
57, 70, 101
3, 1, 0
7, 53, 94
12, 35, 179
25, 92, 36
21, 58, 106
64, 50, 90
3, 31, 63
10, 1, 1
15, 22, 226
37, 24, 196
52, 52, 98
6, 70, 88
40, 52, 115
19, 53, 85
75, 55, 98
66, 63, 39
70, 38, 144
40, 64, 51
60, 30, 182
61, 22, 225
57, 93, 52
69, 25, 241
4, 86, 3
19, 49, 95
22, 48, 78
9, 36, 205
44, 23, 153
21, 38, 49
65, 84, 2
16, 58, 75
7, 54, 83
32, 70, 97
5, 93, 129
66, 70, 95
4, 72, 112
33, 56, 104
58, 11, 11
53, 28, 155
59, 76, 66
53, 58, 84
61, 13, 33
47, 99, 111
11, 88, 131
47, 40, 97
33, 71, 137
2, 62, 81
75, 31, 71
19, 1, 19
56, 27, 154
28, 28, 202
44, 78, 33
60, 76, 78
44, 43, 86
1, 92, 215
24, 59, 17
69, 54, 126
25, 66, 37
23, 22, 202
34, 76, 130
8, 73, 105
6, 96, 51
41, 51, 114
10, 72, 131
14, 80, 82
9, 26, 1
62, 93, 1
52, 5, 63
32, 1, 14
70, 58, 131
60, 58, 79
22, 63, 88
6, 50, 191
60, 5, 76
59, 77, 50
28, 11, 198
57, 58, 97
13, 26, 140
26, 28, 217
39, 4, 2
27, 27, 209
75, 76, 187
1, 41, 118
66, 48, 136
50, 50, 98
29, 53, 47
43, 39, 79
11, 12, 4
67, 21, 40
29, 72, 95
31, 10, 223
25, 39, 60
51, 18, 208
3, 56, 18
71, 35, 156
64, 51, 95
55, 44, 137
61, 37, 143
45, 26, 162
23, 94, 49
34, 15, 205
32, 87, 64
63, 42, 149
64, 97, 30
57, 32, 165
6, 53, 135
3, 47, 49
26, 34, 67
74, 15, 40
23, 66, 61
4, 48, 142
4, 29, 0
10, 53, 122
34, 4, 2
60, 66, 6
42, 62, 95
61, 92, 0
27, 69, 106
13, 30, 8
3, 7, 14
35, 80, 79
24, 83, 53
6, 44, 73
43, 74, 81
2, 83, 62
32, 5, 18
38, 100, 140
17, 62, 104
65, 35, 173
57, 41, 135
71, 86, 30
43, 8, 245
48, 21, 153
4, 10, 11
67, 57, 63
72, 72, 19
49, 40, 122
8, 30, 4
72, 9, 1
16, 96, 94
57, 33, 157
17, 84, 145
8, 63, 104
32, 11, 234
18, 75, 84
59, 56, 111
51, 94, 53
27, 75, 205
10, 48, 138
1, 60, 150
11, 82, 157
19, 74, 96
11, 55, 98
35, 10, 236
5, 17, 6
48, 62, 103
30, 84, 92
11, 43, 168
1, 21, 0
35, 97, 72
36, 31, 147
46, 60, 103
73, 17, 119
75, 16, 25
58, 6, 79
4, 78, 82
29, 77, 148
5, 86, 52
13, 93, 70
59, 42, 134
7, 28, 0
39, 69, 179
66, 60, 24
33, 17, 188
34, 77, 89
40, 27, 142
34, 69, 146
67, 32, 130
33, 94, 109
38, 5, 4
58, 42, 130
48, 90, 157
70, 87, 34
75, 47, 69
62, 58, 97
23, 33, 83
62, 13, 19
31, 65, 98
64, 18, 30
62, 26, 176
17, 73, 76
70, 96, 38
1, 23, 0
64, 57, 95
22, 80, 134
40, 74, 118
51, 92, 130
47, 47, 91
60, 63, 3
8, 39, 202
52, 55, 101
49, 14, 212
31, 45, 15
56, 18, 186
10, 58, 78
30, 54, 71
60, 82, 20
38, 72, 109
49, 27, 149
41, 69, 157
45, 53, 119
13, 17, 4
60, 61, 41
12, 30, 1
35, 61, 115
17, 97, 85
33, 19, 206
38, 20, 195
40, 20, 170
3, 97, 141
61, 24, 202
3, 43, 28
36, 22, 198
1, 99, 133
32, 81, 54
15, 67, 60
21, 3, 15
18, 84, 145
51, 38, 90
33, 50, 87
50, 10, 221
67, 15, 114
12, 22, 39
45, 3, 17
13, 70, 168
53, 3, 1
57, 51, 104
46, 57, 111
44, 55, 110
2, 75, 59
57, 7, 39
17, 77, 122
6, 4, 2
3, 45, 198
40, 61, 116
60, 71, 117
33, 74, 144
39, 12, 235
66, 31, 126
23, 75, 145
19, 72, 89
33, 83, 32
72, 33, 170
61, 36, 151
26, 61, 6
74, 28, 59
47, 39, 74
46, 54, 111
73, 80, 45
72, 49, 99
62, 63, 28
32, 9, 237
11, 6, 0
70, 37, 142
53, 7, 16
11, 4, 0
7, 60, 96
22, 78, 182
4, 91, 215
17, 25, 95
4, 57, 3
6, 8, 2
72, 17, 169
1, 34, 149
21, 94, 68
53, 98, 137
27, 18, 207
26, 27, 239
13, 91, 93
32, 49, 79
6, 61, 77
65, 52, 99
60, 49, 117
28, 100, 115
69, 53, 124
3, 96, 125
37, 22, 203
29, 51, 60
19, 71, 94
23, 43, 74
28, 89, 127
46, 33, 128
30, 7, 230
71, 99, 1
38, 81, 88
57, 9, 28
53, 80, 29
69, 5, 77
28, 62, 83
49, 24, 143
21, 16, 189
18, 94, 69
30, 99, 139
26, 6, 119
22, 45, 71
19, 18, 81
54, 47, 118
10, 73, 115
12, 39, 193
20, 13, 153
68, 58, 33
56, 16, 186
20, 19, 165
11, 49, 135
20, 63, 142
69, 77, 74
58, 81, 24
11, 61, 140
16, 79, 170
34, 93, 90
38, 54, 114
5, 98, 4
71, 81, 130
61, 77, 94
10, 7, 1
37, 34, 99
23, 92, 56
6, 99, 3
35, 6, 13
46, 10, 238
31, 94, 106
69, 46, 83
24, 24, 246
55, 23, 183
70, 44, 88
34, 73, 122
8, 51, 70
43, 42, 80
63, 98, 93
72, 21, 155
19, 20, 42
21, 97, 60
1, 77, 193
55, 47, 124
20, 54, 99
14, 15, 77
24, 91, 52
7, 99, 41
24, 60, 21
58, 75, 31
52, 40, 129
18, 83, 137
32, 65, 103
42, 27, 135
7, 11, 0
18, 59, 134
69, 33, 146
41, 63, 77
46, 65, 110
37, 40, 66
26, 76, 169
65, 29, 145
27, 79, 136
13, 2, 4
14, 85, 134
53, 82, 11
49, 54, 105
40, 14, 212
20, 34, 146
50, 27, 162
56, 55, 103
74, 49, 82
12, 86, 140
70, 31, 161
43, 3, 13
75, 81, 47
23, 55, 19
56, 98, 82
41, 49, 108
19, 68, 94
25, 9, 236
53, 20, 191
67, 10, 9
66, 6, 1
16, 29, 118
1, 63, 63
44, 14, 165
13, 75, 92
30, 86, 94
4, 61, 9
70, 22, 60
53, 85, 49
31, 79, 107
23, 74, 14
27, 91, 107
13, 47, 67
37, 75, 130
74, 22, 152
4, 33, 164
22, 53, 39
28, 44, 48
45, 87, 75
29, 7, 251
59, 85, 18
37, 11, 246
47, 58, 105
5, 3, 5
29, 28, 199
15, 47, 153
46, 66, 85
16, 40, 146
27, 43, 61
22, 51, 39
51, 80, 14
11, 50, 140
3, 17, 6
35, 76, 100
31, 88, 80
14, 45, 107
9, 66, 116
58, 52, 100
66, 37, 132
54, 30, 175
27, 45, 43
33, 18, 200
64, 85, 2
14, 35, 203
40, 91, 155
45, 65, 108
34, 31, 158
44, 71, 122
46, 63, 102
67, 87, 2
3, 40, 179
39, 42, 90
31, 44, 22
14, 76, 137
31, 50, 76
59, 95, 53
14, 64, 70
8, 56, 150
7, 85, 95
60, 44, 143
21, 57, 110
41, 59, 134
19, 37, 59
20, 7, 22
57, 79, 61
26, 8, 225
41, 88, 161
27, 54, 33
14, 86, 140
2, 3, 0
14, 28, 134
29, 25, 237
72, 61, 114
17, 67, 107
32, 42, 39
57, 61, 97
57, 55, 100
43, 7, 158
65, 14, 76
75, 14, 64
26, 18, 190
2, 15, 0
40, 62, 107
68, 56, 115
15, 52, 110
1, 95, 230
27, 37, 48
18, 68, 98
5, 37, 17
27, 24, 241
62, 11, 14
69, 49, 131
40, 19, 180
53, 32, 169
55, 21, 184
43, 86, 148
19, 27, 65
73, 74, 27
39, 15, 220
5, 27, 0
5, 1, 0
44, 72, 127
6, 68, 189
64, 62, 38
38, 57, 119
67, 74, 136
43, 43, 88
34, 49, 86
58, 59, 99
50, 87, 11
22, 4, 7
75, 20, 125
37, 32, 124
29, 55, 50
68, 90, 1
35, 36, 102
2, 96, 137
57, 4, 71
70, 67, 20
52, 1, 28
64, 84, 1
31, 36, 44
1, 50, 123
66, 50, 133
30, 17, 233
50, 38, 83
42, 46, 98
52, 81, 29
32, 97, 110
51, 33, 147
54, 56, 94
34, 12, 228
70, 73, 183
55, 52, 93
39, 100, 136
50, 76, 47
68, 54, 117
36, 11, 235
57, 95, 82
48, 37, 76
33, 40, 58
75, 77, 143
64, 29, 157
57, 30, 187
39, 92, 157
68, 46, 118
54, 25, 153
7, 12, 1
61, 64, 7
